desc: I1 cache:         32768 B, 64 B, 8-way associative
desc: D1 cache:         32768 B, 64 B, 8-way associative
desc: LL cache:         3145728 B, 64 B, 12-way associative
cmd: tests/bstree_tests
events: Ir I1mr ILmr Dr D1mr DLmr Dw D1mw DLmw 
fl=/build/glibc-ryFjv0/glibc-2.21/csu/../csu/init-first.c
fn=_init
52 8 1 1 0 0 0 4 0 0
58 4 1 1 1 1 0 1 1 1
65 5 1 1 4 0 0 0 0 0
70 1 0 0 0 0 0 1 1 1
71 1 0 0 0 0 0 1 0 0
72 2 0 0 1 1 0 1 1 1
86 4 0 0 0 0 0 1 0 0
94 1 0 0 0 0 0 1 0 0
99 6 0 0 5 0 0 0 0 0
fl=/build/glibc-ryFjv0/glibc-2.21/csu/../sysdeps/generic/dl-hash.h
fn=_init
45 12 0 0 4 0 0 0 0 0
48 12 0 0 0 0 0 0 0 0
49 8 0 0 0 0 0 0 0 0
62 8 0 0 0 0 0 0 0 0
67 1 1 1 0 0 0 0 0 0
fl=/build/glibc-ryFjv0/glibc-2.21/csu/../sysdeps/unix/sysv/linux/x86_64/init-first.c
fn=_init
38 10 1 1 0 0 0 4 0 0
40 4 0 0 0 0 0 1 0 0
41 2 0 0 0 0 0 0 0 0
42 2 1 1 0 0 0 0 0 0
43 2 1 1 1 0 0 0 0 0
44 1 0 0 0 0 0 1 1 0
46 3 0 0 0 0 0 1 0 0
50 3 0 0 0 0 0 0 0 0
51 2 0 0 1 0 0 0 0 0
52 1 0 0 0 0 0 1 0 0
fl=/build/glibc-ryFjv0/glibc-2.21/csu/../sysdeps/x86_64/multiarch/init-arch.c
fn=__init_cpu_features
31 6 1 1 0 0 0 4 0 0
37 3 0 0 0 0 0 0 0 0
38 3 0 0 0 0 0 0 0 0
39 2 0 0 0 0 0 0 0 0
45 1 0 0 0 0 0 1 0 0
54 3 2 2 0 0 0 1 0 0
57 9 0 0 0 0 0 0 0 0
59 2 0 0 0 0 0 0 0 0
65 3 1 1 0 0 0 0 0 0
66 3 0 0 0 0 0 0 0 0
71 2 0 0 0 0 0 0 0 0
74 1 0 0 0 0 0 0 0 0
75 7 1 1 1 1 1 0 0 0
105 2 1 1 0 0 0 0 0 0
127 1 1 1 1 1 1 0 0 0
131 2 0 0 0 0 0 0 0 0
156 2 1 1 1 0 0 0 0 0
157 7 1 1 0 0 0 4 0 0
164 3 0 0 1 0 0 0 0 0
168 2 0 0 0 0 0 0 0 0
170 3 0 0 0 0 0 0 0 0
174 2 1 1 0 0 0 0 0 0
175 1 0 0 1 0 0 0 0 0
181 2 0 0 1 0 0 0 0 0
185 2 0 0 0 0 0 0 0 0
188 2 0 0 1 0 0 0 0 0
196 4 1 1 0 0 0 0 0 0
197 4 0 0 0 0 0 0 0 0
198 2 0 0 0 0 0 0 0 0
201 1 0 0 0 0 0 1 0 0
202 1 0 0 0 0 0 1 0 0
204 1 0 0 0 0 0 1 0 0
205 2 0 0 2 0 0 0 0 0
fl=/build/glibc-ryFjv0/glibc-2.21/csu/libc-start.c
fn=(below main)
134 10 1 1 0 0 0 8 0 0
138 7 2 2 1 0 0 1 0 0
218 2 0 0 0 0 0 0 0 0
219 4 0 0 0 0 0 1 0 0
241 4 0 0 2 0 0 0 0 0
244 2 0 0 0 0 0 0 0 0
245 5 1 1 4 0 0 1 0 0
249 4 0 0 2 0 0 0 0 0
264 2 0 0 0 0 0 0 0 0
276 2 0 0 0 0 0 1 0 0
277 2 0 0 0 0 0 0 0 0
282 2 1 1 1 1 0 1 0 0
283 2 0 0 1 1 0 1 0 0
286 2 0 0 0 0 0 1 0 0
289 6 0 0 5 0 0 1 0 0
fl=/build/glibc-ryFjv0/glibc-2.21/ctype/ctype-info.c
fn=__ctype_init
31 7 1 1 5 3 0 1 0 0
33 4 1 1 2 1 0 1 0 0
35 5 0 0 3 0 0 1 0 0
fl=/build/glibc-ryFjv0/glibc-2.21/debug/../libio/libioP.h
fn=__fprintf_chk
900 22 0 0 0 0 0 11 0 0
901 22 0 0 11 0 0 0 0 0
902 88 1 1 44 0 0 11 0 0
fn=__printf_chk
900 2 0 0 2 0 0 0 0 0
901 4 0 0 2 0 0 0 0 0
902 16 0 0 8 0 0 2 0 0
fl=/build/glibc-ryFjv0/glibc-2.21/debug/fprintf_chk.c
fn=__fprintf_chk
26 121 2 2 0 0 0 55 0 0
30 176 2 2 99 5 1 11 0 0
31 22 0 0 0 0 0 0 0 0
32 11 0 0 11 1 0 0 0 0
34 66 0 0 0 0 0 44 0 0
35 55 1 1 0 0 0 11 0 0
38 22 0 0 0 0 0 0 0 0
39 22 0 0 11 0 0 0 0 0
43 55 0 0 33 0 0 0 0 0
fl=/build/glibc-ryFjv0/glibc-2.21/debug/printf_chk.c
fn=__printf_chk
26 24 2 2 0 0 0 14 0 0
30 36 2 2 22 4 2 2 0 0
31 4 0 0 0 0 0 0 0 0
32 4 0 0 4 0 0 0 0 0
34 12 2 1 0 0 0 8 0 0
35 10 0 0 2 0 0 2 0 0
38 4 0 0 0 0 0 0 0 0
39 4 2 1 4 0 0 0 0 0
43 12 2 1 8 0 0 0 0 0
fl=/build/glibc-ryFjv0/glibc-2.21/debug/vsnprintf_chk.c
fn=__vsnprintf_chk
31 1400 1 1 0 0 0 1200 0 0
36 400 0 0 0 0 0 0 0 0
42 200 0 0 0 0 0 200 0 0
47 1600 1 1 0 0 0 0 0 0
53 1200 0 0 0 0 0 200 0 0
54 400 0 0 0 0 0 200 0 0
55 200 0 0 0 0 0 200 0 0
59 400 0 0 0 0 0 0 0 0
60 200 0 0 200 0 0 0 0 0
62 1000 1 1 0 0 0 200 0 0
63 800 0 0 0 0 0 200 0 0
65 600 0 0 200 0 0 0 0 0
66 400 0 0 200 0 0 200 0 0
68 1600 0 0 1400 0 0 0 0 0
fl=/build/glibc-ryFjv0/glibc-2.21/elf/../elf/dl-runtime.c
fn=_dl_fixup
66 85 1 1 0 0 0 51 0 0
68 17 0 0 17 0 0 0 0 0
69 34 0 0 34 2 0 0 0 0
72 85 0 0 34 7 0 0 0 0
73 119 1 1 34 10 0 17 0 0
74 51 0 0 34 1 0 0 0 0
79 34 0 0 0 0 0 0 0 0
83 34 0 0 17 13 8 0 0 0
85 2 0 0 0 0 0 0 0 0
87 51 0 0 17 3 0 0 0 0
91 32 0 0 32 7 1 0 0 0
92 64 1 1 16 1 0 0 0 0
94 64 0 0 16 4 0 0 0 0
100 17 0 0 0 0 0 0 0 0
101 51 0 0 17 0 0 0 0 0
108 34 1 1 17 2 0 17 0 0
111 170 0 0 34 3 0 51 0 0
115 85 1 1 51 0 0 0 0 0
119 68 0 0 17 0 0 17 0 0
125 102 0 0 34 2 0 0 0 0
133 17 0 0 17 0 0 0 0 0
141 68 0 0 17 0 0 0 0 0
145 51 1 1 17 1 0 0 0 0
149 85 0 0 68 0 0 0 0 0
fl=/build/glibc-ryFjv0/glibc-2.21/elf/../elf/dl-sysdep.c
fn=_dl_sysdep_start
86 8 1 1 0 0 0 7 1 1
110 1 0 0 0 0 0 1 0 0
111 220 2 2 71 9 9 4 3 3
114 2 0 0 0 0 0 1 0 0
115 1 0 0 0 0 0 1 1 1
117 96 4 4 25 2 2 10 0 0
118 108 0 0 19 2 2 0 0 0
121 1 0 0 1 0 0 0 0 0
122 1 0 0 0 0 0 0 0 0
124 1 0 0 1 1 1 0 0 0
125 1 0 0 0 0 0 0 0 0
127 1 1 1 1 1 1 0 0 0
128 1 0 0 0 0 0 0 0 0
130 1 0 0 1 0 0 0 0 0
131 1 0 0 0 0 0 0 0 0
151 1 1 1 1 1 1 0 0 0
152 1 0 0 0 0 0 0 0 0
154 1 0 0 1 0 0 0 0 0
155 1 0 0 0 0 0 0 0 0
157 1 1 1 1 0 0 0 0 0
158 1 0 0 0 0 0 0 0 0
163 1 0 0 1 0 0 0 0 0
164 1 0 0 0 0 0 0 0 0
179 1 0 0 1 0 0 0 0 0
180 1 0 0 0 0 0 0 0 0
232 3 1 1 0 0 0 2 0 0
234 5 0 0 0 0 0 1 0 0
246 3 1 1 1 0 0 0 0 0
249 6 0 0 2 0 0 1 0 0
250 1 1 0 1 1 0 0 0 0
251 8 0 0 7 1 0 0 0 0
fn=_dl_sysdep_start_cleanup
256 1 0 0 1 0 0 0 0 0
fl=/build/glibc-ryFjv0/glibc-2.21/elf/../misc/sbrk.c
fn=sbrk
34 4 1 1 0 0 0 2 0 0
42 6 0 0 2 0 0 0 0 0
46 2 0 0 0 0 0 0 0 0
57 5 1 1 3 0 0 0 0 0
fl=/build/glibc-ryFjv0/glibc-2.21/elf/../sysdeps/unix/sysv/linux/dl-osinfo.h
fn=dl_main
64 2 0 0 1 0 0 0 0 0
77 1 0 0 1 0 0 0 0 0
fl=/build/glibc-ryFjv0/glibc-2.21/elf/../sysdeps/unix/sysv/linux/dl-sysdep.c
fn=_dl_discover_osversion
45 7 2 2 0 0 0 6 0 0
47 3 0 0 1 0 0 0 0 0
87 5 1 1 0 0 0 1 1 1
102 1 0 0 0 0 0 0 0 0
106 1 0 0 0 0 0 0 0 0
107 1 0 0 0 0 0 0 0 0
109 12 0 0 3 2 2 0 0 0
111 6 1 1 0 0 0 0 0 0
113 12 0 0 3 0 0 0 0 0
119 3 0 0 0 0 0 0 0 0
120 3 0 0 0 0 0 0 0 0
121 3 0 0 0 0 0 0 0 0
123 13 0 0 0 0 0 0 0 0
128 2 1 1 0 0 0 0 0 0
132 8 1 1 7 0 0 0 0 0
fn=_dl_sysdep_start
35 2 0 0 0 0 0 1 1 1
fl=/build/glibc-ryFjv0/glibc-2.21/elf/../sysdeps/unix/sysv/linux/dl-vdso.c
fn=_dl_vdso_vsym
27 10 2 1 10 2 0 0 0 0
28 10 2 1 5 0 0 0 0 0
31 10 0 0 0 0 0 0 0 0
fl=/build/glibc-ryFjv0/glibc-2.21/elf/../sysdeps/unix/sysv/linux/x86_64/brk.c
fn=brk
28 1 0 0 0 0 0 0 0 0
31 7 2 2 0 0 0 1 1 1
33 2 0 0 0 0 0 0 0 0
39 1 0 0 0 0 0 0 0 0
40 1 0 0 1 0 0 0 0 0
fl=/build/glibc-ryFjv0/glibc-2.21/elf/../sysdeps/x86_64/dl-irel.h
fn=_dl_fixup
32 4 1 1 0 0 0 2 0 0
fl=/build/glibc-ryFjv0/glibc-2.21/elf/../sysdeps/x86_64/dl-machine.h
fn=_dl_fixup
211 17 0 0 0 0 0 17 0 0
fn=_dl_relocate_object
71 18 0 0 3 0 0 0 0 0
77 6 0 0 6 2 0 0 0 0
81 9 0 0 3 3 2 0 0 0
87 3 0 0 0 0 0 3 0 0
95 9 1 1 3 0 0 0 0 0
108 6 0 0 0 0 0 3 0 0
111 18 0 0 4 3 0 0 0 0
245 200 0 0 0 0 0 0 0 0
266 200 1 1 0 0 0 0 0 0
270 200 0 0 0 0 0 0 0 0
277 4259 13 13 966 88 74 788 2 0
279 455 0 0 188 2 0 0 0 0
282 376 0 0 94 0 0 0 0 0
286 8 1 1 4 0 0 0 0 0
288 600 1 1 100 3 3 0 0 0
321 2 1 1 0 0 0 0 0 0
322 3 0 0 1 1 0 1 0 0
383 30 1 1 10 0 0 0 0 0
387 70 0 0 30 2 2 0 0 0
392 30 0 0 0 0 0 10 8 8
411 181 1 1 88 10 9 88 11 7
423 6 0 0 0 0 0 3 0 0
450 3 1 1 1 0 0 0 0 0
454 8 1 1 3 0 0 3 0 0
456 5 0 0 4 0 0 0 0 0
457 1 1 1 0 0 0 0 0 0
488 3576 0 0 1192 298 298 0 0 0
493 2384 0 0 0 0 0 0 0 0
494 3576 0 0 1192 149 149 1192 225 224
504 77 0 0 41 0 0 0 0 0
508 72 0 0 0 0 0 0 0 0
510 108 0 0 36 1 0 0 0 0
511 36 0 0 36 5 4 0 0 0
528 10 0 0 10 0 0 0 0 0
530 5 0 0 0 0 0 5 0 0
531 5 0 0 0 0 0 5 0 0
fn=_dl_start
58 3 0 0 1 1 1 0 0 0
242 7 0 0 0 0 0 0 0 0
270 14 0 0 0 0 0 0 0 0
279 28 0 0 14 1 1 0 0 0
282 28 0 0 7 5 5 0 0 0
288 43 0 0 7 1 1 0 0 0
392 7 0 0 7 1 1 0 0 0
401 7 0 0 0 0 0 7 1 1
493 20 0 0 10 1 1 0 0 0
494 30 0 0 10 1 1 10 2 2
fn=_dl_sysdep_start
201 5 0 0 2 1 1 0 0 0
fl=/build/glibc-ryFjv0/glibc-2.21/elf/../sysdeps/x86_64/dl-trampoline.S
fn=_dl_runtime_resolve
58 17 1 1 0 0 0 0 0 0
61 17 0 0 0 0 0 17 1 0
62 17 0 0 0 0 0 17 0 0
63 17 0 0 0 0 0 17 0 0
64 17 0 0 0 0 0 17 0 0
65 17 0 0 0 0 0 17 0 0
66 17 1 1 0 0 0 17 0 0
67 17 0 0 0 0 0 17 0 0
72 17 0 0 0 0 0 0 0 0
73 17 0 0 0 0 0 0 0 0
74 17 0 0 0 0 0 0 0 0
75 17 0 0 0 0 0 0 0 0
85 17 0 0 17 0 0 0 0 0
86 17 0 0 17 0 0 0 0 0
87 17 0 0 0 0 0 17 0 0
88 17 0 0 0 0 0 0 0 0
93 17 0 0 0 0 0 0 0 0
94 17 0 0 0 0 0 0 0 0
95 17 1 1 0 0 0 0 0 0
96 17 0 0 0 0 0 0 0 0
105 17 0 0 17 0 0 0 0 0
106 17 0 0 17 0 0 0 0 0
107 17 0 0 17 0 0 0 0 0
108 17 0 0 17 0 0 0 0 0
109 17 0 0 17 0 0 0 0 0
110 17 0 0 17 0 0 0 0 0
111 17 0 0 17 0 0 0 0 0
113 17 0 0 0 0 0 0 0 0
115 17 0 0 0 0 0 0 0 0
fl=/build/glibc-ryFjv0/glibc-2.21/elf/./dl-load.h
fn=_dl_map_object_from_fd
90 8 0 0 0 0 0 0 0 0
91 6 0 0 4 0 0 2 0 0
93 8 1 1 4 1 1 0 0 0
94 5 2 2 3 0 0 0 0 0
95 5 0 0 1 0 0 0 0 0
96 7 0 0 2 0 0 0 0 0
98 3 0 0 0 0 0 1 0 0
fl=/build/glibc-ryFjv0/glibc-2.21/elf/./dl-map-segments.h
fn=_dl_map_object_from_fd
37 2 0 0 0 0 0 2 0 0
50 6 0 0 2 0 0 2 0 0
56 16 2 2 6 0 0 4 0 0
60 6 0 0 2 0 0 0 0 0
63 6 0 0 2 0 0 2 0 0
64 4 1 1 0 0 0 2 0 0
66 4 0 0 2 0 0 0 0 0
72 12 0 0 2 0 0 2 0 0
73 8 2 2 4 0 0 0 0 0
76 6 0 0 2 0 0 0 0 0
86 20 0 0 0 0 0 0 0 0
88 8 0 0 4 0 0 0 0 0
90 30 2 2 10 0 0 4 0 0
100 16 0 0 8 0 0 0 0 0
106 4 0 0 2 0 0 0 0 0
107 2 0 0 0 0 0 0 0 0
108 10 0 0 2 0 0 0 0 0
109 4 0 0 0 0 0 0 0 0
116 4 0 0 0 0 0 0 0 0
119 4 0 0 0 0 0 0 0 0
127 22 1 1 6 0 0 8 0 0
133 4 0 0 0 0 0 0 0 0
137 8 0 0 0 0 0 1 0 0
140 2 0 0 0 0 0 0 0 0
145 4 0 0 0 0 0 0 0 0
fl=/build/glibc-ryFjv0/glibc-2.21/elf/dl-addr.c
fn=_dl_addr
30 2 0 0 1 0 0 1 0 0
31 2 0 0 1 0 0 1 0 0
34 2 0 0 1 0 0 0 0 0
38 1 0 0 1 0 0 0 0 0
39 1 0 0 1 0 0 0 0 0
40 3 1 1 2 0 0 1 0 0
42 2 0 0 2 0 0 0 0 0
45 2 0 0 1 1 0 0 0 0
50 2031 0 0 2 0 0 0 0 0
52 1011 0 0 1011 60 20 0 0 0
53 2022 1 1 0 0 0 0 0 0
55 3620 0 0 905 0 0 0 0 0
61 11075 1 1 2215 473 431 0 0 0
63 8860 0 0 2215 0 0 0 0 0
64 16188 0 0 5065 353 325 0 0 0
69 2215 0 0 0 0 0 0 0 0
71 8966 1 1 2215 134 81 0 0 0
99 3 1 1 1 1 0 0 0 0
100 1 0 0 0 0 0 1 1 0
101 3 0 0 1 0 0 0 0 0
104 2 0 0 0 0 0 0 0 0
116 1 1 1 0 0 0 1 0 0
117 1 0 0 0 0 0 1 0 0
126 11 1 1 0 0 0 8 0 0
131 3 0 0 2 0 0 1 0 0
133 2 0 0 0 0 0 1 0 0
135 2 1 1 0 0 0 0 0 0
138 2 0 0 0 0 0 0 0 0
141 2 1 1 1 1 0 1 0 0
144 9 0 0 7 1 0 0 0 0
fl=/build/glibc-ryFjv0/glibc-2.21/elf/dl-altinit.c
fn=dlinit_alt
33 3 1 1 2 0 0 0 0 0
34 1 0 0 1 0 0 0 0 0
fl=/build/glibc-ryFjv0/glibc-2.21/elf/dl-cache.c
fn=_dl_cache_libcmp
138 30 1 1 20 10 10 0 0 0
139 112 0 0 0 0 0 0 0 0
141 162 0 0 0 0 0 0 0 0
143 58 0 0 0 0 0 0 0 0
149 4 1 1 0 0 0 0 0 0
150 4 0 0 0 0 0 0 0 0
151 10 0 0 2 0 0 0 0 0
153 10 1 1 2 0 0 0 0 0
155 4 0 0 0 0 0 0 0 0
161 104 1 1 0 0 0 0 0 0
163 192 0 0 88 1 1 0 0 0
164 24 0 0 8 0 0 0 0 0
167 44 0 0 0 0 0 0 0 0
168 44 0 0 0 0 0 0 0 0
171 4 0 0 2 0 0 0 0 0
fn=_dl_load_cache_lookup
185 9 1 1 0 0 0 6 0 0
193 2 0 0 1 0 0 0 0 0
196 3 0 0 1 0 0 0 0 0
199 5 2 2 0 0 0 1 0 0
207 5 0 0 1 0 0 0 0 0
208 6 1 1 0 0 0 1 0 0
212 1 0 0 0 0 0 1 0 0
215 4 0 0 1 0 0 0 0 0
218 2 0 0 0 0 0 1 0 0
219 3 0 0 0 0 0 0 0 0
220 5 1 1 0 0 0 1 0 0
229 3 0 0 1 0 0 0 0 0
247 2 1 1 0 0 0 0 0 0
256 5 0 0 0 0 0 2 0 0
262 4 0 0 0 0 0 2 0 0
266 7 2 2 2 0 0 3 0 0
267 4 0 0 2 0 0 0 0 0
281 241 7 7 45 9 9 15 0 0
297 2 0 0 1 0 0 0 0 0
301 2 0 0 1 0 0 0 0 0
309 9 1 1 1 0 0 1 0 0
310 3 0 0 0 0 0 1 0 0
311 2 0 0 0 0 0 1 0 0
312 8 0 0 7 0 0 0 0 0
fn=_dl_unload_cache
321 1 0 0 0 0 0 0 0 0
322 4 1 1 1 1 0 0 0 0
324 2 0 0 1 0 0 1 0 0
325 1 0 0 0 0 0 1 0 0
327 2 0 0 1 0 0 0 0 0
fl=/build/glibc-ryFjv0/glibc-2.21/elf/dl-debug.c
fn=_dl_debug_initialize
50 8 2 1 0 0 0 0 0 0
51 4 1 1 4 0 0 0 0 0
55 14 1 1 4 1 0 0 0 0
58 1 0 0 0 0 0 1 0 0
59 2 0 0 0 0 0 1 0 0
60 6 0 0 2 0 0 1 0 0
61 2 0 0 0 0 0 1 0 0
fn=_dl_debug_state
74 2 0 0 2 0 0 0 0 0
fl=/build/glibc-ryFjv0/glibc-2.21/elf/dl-deps.c
fn=_dl_map_object_deps
144 4 0 0 0 0 0 2 0 0
145 2 0 0 0 0 0 2 0 0
146 7 0 0 0 0 0 2 0 0
152 8 1 1 2 0 0 2 0 0
160 11 0 0 0 0 0 8 0 0
161 9 2 2 0 0 0 0 0 0
178 14 1 1 1 0 0 1 0 0
179 2 0 0 1 0 0 0 0 0
182 3 1 1 0 0 0 2 0 0
188 3 0 0 0 0 0 3 0 0
189 1 0 0 0 0 0 1 0 0
201 2 0 0 1 0 0 1 0 0
202 2 0 0 0 0 0 1 0 0
203 1 0 0 0 0 0 1 0 0
204 2 0 0 0 0 0 2 0 0
209 6 3 3 0 0 0 5 0 0
210 4 0 0 0 0 0 0 0 0
213 4 0 0 0 0 0 4 0 0
217 8 0 0 4 0 0 0 0 0
218 23 1 1 10 1 1 0 0 0
220 2 0 0 0 0 0 0 0 0
222 8 1 1 4 0 0 2 0 0
224 28 1 1 2 0 0 6 0 0
229 16 0 0 8 0 0 0 0 0
231 6 0 0 4 0 0 2 0 0
236 2 0 0 0 0 0 2 0 0
237 2 0 0 0 0 0 2 0 0
238 4 0 0 2 0 0 2 0 0
239 4 1 1 2 0 0 2 0 0
242 208 0 0 54 0 0 0 0 0
243 96 1 1 0 0 0 0 0 0
249 14 0 0 4 0 0 2 0 0
251 2 0 0 0 0 0 2 0 0
254 12 1 1 8 0 0 2 0 0
256 6 0 0 2 0 0 0 0 0
271 2 0 0 2 0 0 0 0 0
273 4 0 0 2 0 0 0 0 0
278 6 0 0 0 0 0 0 0 0
281 2 0 0 0 0 0 2 0 0
282 2 0 0 0 0 0 2 0 0
283 2 0 0 0 0 0 2 0 0
284 4 1 1 2 0 0 2 0 0
286 2 0 0 2 0 0 0 0 0
288 12 1 1 2 0 0 4 0 0
292 6 0 0 2 0 0 0 0 0
293 3 0 0 0 0 0 1 0 0
295 138 0 0 0 0 0 0 0 0
317 9 1 1 0 0 0 4 0 0
459 12 1 1 4 0 0 0 0 0
461 6 0 0 0 0 0 2 0 0
463 4 0 0 0 0 0 2 0 0
464 4 0 0 0 0 0 0 0 0
465 4 0 0 0 0 0 0 0 0
468 2 0 0 0 0 0 2 0 0
469 10 0 0 2 0 0 2 0 0
470 10 0 0 0 0 0 2 0 0
473 2 0 0 0 0 0 2 0 0
474 2 0 0 2 0 0 0 0 0
478 22 1 1 11 0 0 0 0 0
480 4 0 0 4 0 0 0 0 0
481 19 0 0 5 0 0 0 0 0
485 6 1 1 2 0 0 0 0 0
486 1 0 0 0 0 0 1 0 0
489 4 0 0 1 0 0 1 0 0
499 2 0 0 0 0 0 1 0 0
500 3 1 1 1 0 0 0 0 0
502 2 0 0 0 0 0 0 0 0
507 8 1 1 2 0 0 1 0 0
508 6 0 0 4 0 0 1 0 0
510 12 1 1 4 0 0 0 0 0
516 12 0 0 4 0 0 4 1 1
520 12 0 0 8 0 0 0 0 0
523 3 0 0 1 0 0 1 0 0
574 5 0 0 2 0 0 1 0 0
575 1 1 1 0 0 0 1 0 0
576 3 1 1 1 0 0 0 0 0
611 14 2 2 1 0 0 5 0 0
613 2 0 0 0 0 0 0 0 0
617 11 1 1 0 0 0 1 0 0
618 6 1 1 0 0 0 1 0 0
619 5 0 0 1 0 0 1 0 0
623 12 0 0 3 0 0 6 0 0
624 6 0 0 3 0 0 0 0 0
630 17 1 1 3 0 0 0 0 0
632 12 0 0 6 0 0 0 0 0
633 7 0 0 0 0 0 0 0 0
635 9 0 0 3 0 0 0 0 0
636 6 0 0 0 0 0 0 0 0
655 2 1 1 1 0 0 0 0 0
658 3 1 1 0 0 0 0 0 0
661 10 0 0 3 0 0 0 0 0
664 28 2 2 6 0 0 6 0 0
671 2 0 0 1 0 0 1 0 0
673 2 0 0 1 0 0 1 0 0
674 1 0 0 1 0 0 0 0 0
675 3 1 1 1 0 0 0 0 0
682 3 0 0 1 0 0 0 0 0
685 3 0 0 1 0 0 0 0 0
688 8 1 1 7 0 0 0 0 0
fn=openaux
60 4 1 1 0 0 0 2 0 0
63 20 1 1 8 0 0 4 0 0
64 4 0 0 2 0 0 0 0 0
67 2 0 0 2 0 0 0 0 0
68 4 0 0 4 0 0 0 0 0
fl=/build/glibc-ryFjv0/glibc-2.21/elf/dl-environ.c
fn=_dl_next_ld_env_entry
30 2 1 1 2 0 0 0 0 0
31 1 1 1 0 0 0 0 0 0
33 211 0 0 70 0 0 0 0 0
35 138 0 0 69 32 32 0 0 0
36 34 0 0 17 1 1 0 0 0
38 1 0 0 0 0 0 0 0 0
41 2 0 0 0 0 0 1 0 0
43 1 0 0 1 0 0 0 0 0
46 68 0 0 0 0 0 0 0 0
50 1 0 0 1 0 0 0 0 0
fl=/build/glibc-ryFjv0/glibc-2.21/elf/dl-error.c
fn=_dl_catch_error
163 12 1 1 0 0 0 9 0 0
175 6 0 0 0 0 0 6 4 4
176 6 0 0 0 0 0 6 0 0
177 6 0 0 0 0 0 6 0 0
178 6 0 0 0 0 0 3 1 1
180 6 0 0 3 0 0 6 0 0
181 6 0 0 3 0 0 3 0 0
182 6 1 1 0 0 0 3 0 0
185 18 0 0 0 0 0 3 0 0
187 9 0 0 6 0 0 3 0 0
188 9 0 0 6 0 0 3 0 0
189 6 0 0 3 0 0 3 0 0
190 6 1 1 3 0 0 3 0 0
191 6 0 0 3 0 0 3 0 0
199 12 0 0 6 0 0 0 0 0
fn=_dl_receive_error
205 10 1 1 0 0 0 6 0 0
206 2 0 0 1 0 0 1 0 0
210 1 0 0 1 0 0 0 0 0
211 1 0 0 1 0 0 0 0 0
214 1 0 0 0 0 0 1 0 0
215 1 1 1 0 0 0 1 0 0
217 2 0 0 0 0 0 1 0 0
219 1 0 0 0 0 0 1 0 0
220 1 0 0 0 0 0 1 0 0
221 8 0 0 7 0 0 0 0 0
fl=/build/glibc-ryFjv0/glibc-2.21/elf/dl-fini.c
fn=_dl_fini
131 8 1 1 0 0 0 6 0 0
153 19 1 1 5 1 0 4 0 0
156 2 1 1 1 1 0 1 0 0
159 2 0 0 2 1 0 0 0 0
162 2 0 0 0 0 0 0 0 0
164 6 1 1 3 0 0 0 0 0
171 2 0 0 1 0 0 0 0 0
175 4 0 0 1 0 0 0 0 0
177 2 0 0 1 0 0 0 0 0
180 7 1 1 0 0 0 1 0 0
183 2 0 0 0 0 0 1 0 0
191 12 0 0 4 0 0 0 0 0
193 8 0 0 4 0 0 0 0 0
195 8 0 0 4 0 0 0 0 0
197 12 0 0 4 0 0 4 0 0
198 4 0 0 0 0 0 4 2 0
199 8 0 0 0 0 0 4 0 0
203 4 1 1 4 0 0 0 0 0
205 2 0 0 1 0 0 0 0 0
210 6 1 1 2 0 0 1 0 0
219 2 0 0 1 0 0 1 0 0
223 13 0 0 4 0 0 0 0 0
225 4 0 0 4 0 0 0 0 0
227 12 0 0 4 0 0 0 0 0
230 8 1 1 0 0 0 4 0 0
233 12 0 0 4 3 0 0 0 0
234 6 0 0 2 2 0 0 0 0
237 4 0 0 2 0 0 0 0 0
248 4 0 0 4 2 0 0 0 0
249 2 0 0 2 0 0 0 0 0
250 4 0 0 2 0 0 0 0 0
251 16 0 0 2 2 0 0 0 0
252 4 1 1 2 2 0 2 0 0
256 4 0 0 0 0 0 0 0 0
257 6 0 0 4 1 0 2 0 0
262 24 0 0 8 1 0 0 0 0
278 8 1 1 4 0 0 0 0 0
283 6 1 1 2 0 0 0 0 0
289 2 1 1 1 0 0 0 0 0
296 8 0 0 7 0 0 0 0 0
fn=_dl_sort_fini
32 12 1 1 0 0 0 9 0 0
34 2 0 0 0 0 0 0 0 0
39 6 1 1 0 0 0 1 0 0
40 6 0 0 0 0 0 0 0 0
41 3 0 0 0 0 0 1 0 0
45 9 0 0 3 0 0 3 0 0
46 9 0 0 6 0 0 0 0 0
50 15 0 0 6 0 0 0 0 0
56 9 1 1 3 0 0 1 0 0
57 14 0 0 6 0 0 0 0 0
59 15 0 0 9 1 0 0 0 0
60 7 0 0 0 0 0 0 0 0
62 9 0 0 3 1 0 0 0 0
63 6 1 1 0 0 0 0 0 0
82 1 1 1 0 0 0 0 0 0
93 9 1 1 3 0 0 0 0 0
114 3 0 0 0 0 0 0 0 0
118 15 0 0 0 0 0 3 0 0
121 17 1 1 0 0 0 2 0 0
125 8 0 0 7 0 0 0 0 0
fl=/build/glibc-ryFjv0/glibc-2.21/elf/dl-hwcaps.c
fn=_dl_important_hwcaps
39 12 2 2 0 0 0 10 1 1
41 1 0 0 1 0 0 0 0 0
42 3 0 0 1 0 0 1 0 0
51 3 0 0 1 0 0 0 0 0
61 4 1 1 1 0 0 1 0 0
113 1 0 0 0 0 0 0 0 0
115 5 1 1 0 0 0 1 0 0
130 9 0 0 0 0 0 1 0 0
131 1 1 1 0 0 0 0 0 0
162 2 0 0 0 0 0 0 0 0
170 2 1 1 1 0 0 0 0 0
172 3 1 1 2 0 0 1 0 0
173 5 0 0 1 0 0 1 0 0
177 3 0 0 1 0 0 1 0 0
178 1 0 0 0 0 0 1 0 0
181 2 0 0 0 0 0 0 0 0
184 2 1 1 0 0 0 0 0 0
188 12 0 0 3 0 0 3 0 0
189 2 0 0 0 0 0 0 0 0
207 13 2 2 1 0 0 7 0 0
208 5 0 0 0 0 0 1 0 0
209 5 0 0 3 0 0 0 0 0
238 3 0 0 0 0 0 2 0 0
241 2 1 1 0 0 0 0 0 0
243 6 1 1 3 0 0 2 0 0
244 7 0 0 2 0 0 4 0 0
269 20 2 2 3 0 0 0 0 0
270 8 0 0 0 0 0 4 0 0
274 13 1 1 1 0 0 0 0 0
277 28 0 0 0 0 0 0 0 0
278 32 1 1 4 0 0 0 0 0
279 4 0 0 4 0 0 0 0 0
281 4 0 0 0 0 0 0 0 0
284 3 0 0 1 0 0 0 0 0
285 1 0 0 0 0 0 0 0 0
286 12 2 2 3 0 0 0 0 0
299 6 0 0 2 0 0 2 0 0
300 2 0 0 0 0 0 0 0 0
302 4 0 0 0 0 0 0 0 0
305 3 0 0 2 0 0 1 0 0
307 1 0 0 0 0 0 0 0 0
308 8 1 1 7 0 0 0 0 0
fl=/build/glibc-ryFjv0/glibc-2.21/elf/dl-init.c
fn=_dl_init
30 25 1 1 5 0 0 3 0 0
80 11 1 1 0 0 0 6 0 0
81 1 0 0 1 1 0 0 0 0
82 1 0 0 1 0 0 0 0 0
85 3 1 1 1 0 0 0 0 0
88 2 1 1 0 0 0 1 0 0
93 2 0 0 0 0 0 0 0 0
94 2 0 0 1 0 0 0 0 0
104 2 1 1 0 0 0 1 0 0
119 15 0 0 0 0 0 0 0 0
120 12 0 0 8 0 0 0 0 0
126 8 0 0 7 0 0 0 0 0
fn=call_init.part.0
28 20 0 0 0 0 0 20 0 0
36 12 0 0 4 0 0 4 0 0
39 16 1 1 8 1 0 0 0 0
40 3 1 1 0 0 0 0 0 0
44 21 0 0 3 1 0 0 0 0
45 3 0 0 1 0 0 0 0 0
49 4 0 0 2 0 0 0 0 0
58 16 1 1 6 3 0 2 0 0
62 4 0 0 0 0 0 0 0 0
68 6 0 0 4 1 0 0 0 0
70 4 0 0 4 0 0 0 0 0
71 16 0 0 0 0 0 0 0 0
72 15 1 1 3 0 0 3 0 0
74 24 0 0 24 0 0 0 0 0
fl=/build/glibc-ryFjv0/glibc-2.21/elf/dl-load.c
fn=_dl_init_paths
659 9 2 2 0 0 0 6 0 0
672 6 0 0 2 0 0 2 0 0
676 1 1 1 0 0 0 1 0 0
677 3 0 0 0 0 0 1 0 0
678 2 0 0 0 0 0 0 0 0
685 5 0 0 0 0 0 0 0 0
686 4 0 0 1 0 0 1 0 0
689 1 0 0 0 0 0 1 0 0
690 2 1 1 0 0 0 1 0 0
692 2 0 0 0 0 0 0 0 0
698 1 0 0 0 0 0 1 0 0
699 1 0 0 0 0 0 1 0 0
707 3 0 0 0 0 0 3 1 1
709 8 1 1 0 0 0 4 1 1
710 4 0 0 0 0 0 4 2 2
712 9 0 0 0 0 0 4 0 0
713 11 0 0 3 1 1 4 1 1
714 9 0 0 0 0 0 0 0 0
717 6 0 0 3 1 1 0 0 0
721 71 2 2 15 0 0 17 0 0
727 1 0 0 0 0 0 1 0 0
728 1 0 0 0 0 0 1 0 0
732 1 1 1 1 0 0 0 0 0
733 2 0 0 0 0 0 0 0 0
735 4 0 0 1 0 0 0 0 0
737 3 1 1 1 0 0 0 0 0
754 1 1 1 0 0 0 1 0 0
756 3 1 1 1 0 0 0 0 0
770 2 1 1 0 0 0 1 0 0
775 2 1 1 0 0 0 0 0 0
830 1 1 1 0 0 0 1 0 0
831 8 1 1 7 0 0 0 0 0
fn=_dl_map_object
370 5 0 0 0 0 0 1 0 0
374 2 0 0 0 0 0 1 0 0
636 9 2 2 3 0 0 0 0 0
2141 30 1 1 0 0 0 24 3 3
2148 6 0 0 0 0 0 0 0 0
2149 9 1 1 3 0 0 0 0 0
2152 42 0 0 9 0 0 0 0 0
2157 49 1 1 7 0 0 0 0 0
2159 35 0 0 0 0 0 7 0 0
2163 12 0 0 6 0 0 0 0 0
2164 18 0 0 6 0 0 0 0 0
2167 2 0 0 2 0 0 0 0 0
2168 4 0 0 4 0 0 0 0 0
2169 8 1 1 0 0 0 2 0 0
2186 10 1 1 2 0 0 2 1 1
2195 6 1 1 2 0 0 0 0 0
2219 2 0 0 0 0 0 2 0 0
2221 10 1 1 0 0 0 2 0 0
2225 4 1 1 0 0 0 2 0 0
2227 2 0 0 1 0 0 0 0 0
2234 4 0 0 1 0 0 0 0 0
2238 2 0 0 1 0 0 1 0 0
2243 6 1 1 2 0 0 1 0 0
2244 1 0 0 0 0 0 0 0 0
2246 9 1 1 0 0 0 3 0 0
2258 3 1 1 2 0 0 0 0 0
2259 8 1 1 2 0 0 1 0 0
2260 1 0 0 0 0 0 0 0 0
2269 2 1 1 1 0 0 0 0 0
2276 2 2 2 1 0 0 0 0 0
2277 1 0 0 0 0 0 0 0 0
2285 2 1 1 0 0 0 0 0 0
2287 3 1 1 1 0 0 0 0 0
2291 3 0 0 0 0 0 2 0 0
2293 2 0 0 0 0 0 0 0 0
2297 2 0 0 1 0 0 0 0 0
2305 3 0 0 1 0 0 0 0 0
2328 9 1 1 1 0 0 1 0 0
2332 2 0 0 0 0 0 0 0 0
2333 1 0 0 0 0 0 1 0 0
2350 2 0 0 1 0 0 0 0 0
2356 1 0 0 0 0 0 1 0 0
2358 2 0 0 1 0 0 0 0 0
2359 3 1 1 0 0 0 0 0 0
2363 10 0 0 0 0 0 2 0 0
2366 4 0 0 2 0 0 0 0 0
2377 2 1 1 0 0 0 0 0 0
2378 4 1 1 0 0 0 0 0 0
2380 6 0 0 0 0 0 0 0 0
2412 1 0 0 0 0 0 0 0 0
2424 4 0 0 2 0 0 2 0 0
2425 26 1 1 4 0 0 8 0 0
2427 24 0 0 21 0 0 0 0 0
fn=_dl_map_object_from_fd
868 30 2 2 0 0 0 20 1 1
879 8 0 0 2 0 0 4 1 1
880 2 0 0 0 0 0 2 0 0
883 12 1 1 0 0 0 2 0 0
894 29 0 0 9 0 0 0 0 0
895 26 1 1 14 1 1 0 0 0
912 4 1 1 2 0 0 0 0 0
937 4 0 0 2 0 0 0 0 0
947 4 0 0 2 0 0 0 0 0
969 8 1 1 4 0 0 0 0 0
1001 4 0 0 0 0 0 0 0 0
1004 16 0 0 8 0 0 2 0 0
1005 4 1 1 0 0 0 0 0 0
1016 6 0 0 4 0 0 2 1 1
1017 8 0 0 4 0 0 4 0 0
1018 4 0 0 2 0 0 2 0 0
1020 8 1 1 0 0 0 0 0 0
1021 8 0 0 4 0 0 0 0 0
1022 2 0 0 0 0 0 0 0 0
1041 20 1 1 0 0 0 4 0 0
1049 142 1 1 0 0 0 0 0 0
1050 127 1 1 17 0 0 0 0 0
1056 4 0 0 2 0 0 2 0 0
1057 6 0 0 2 0 0 2 0 0
1058 2 0 0 0 0 0 0 0 0
1061 2 1 1 1 0 0 1 0 0
1062 1 0 0 0 0 0 0 0 0
1067 20 2 2 8 0 0 0 0 0
1072 32 0 0 8 0 0 0 0 0
1080 16 0 0 0 0 0 0 0 0
1081 16 0 0 0 0 0 4 2 2
1082 12 1 1 4 0 0 0 0 0
1083 8 0 0 0 0 0 4 0 0
1084 8 0 0 0 0 0 4 0 0
1085 8 0 0 4 0 0 4 0 0
1086 8 0 0 0 0 0 4 2 2
1090 8 0 0 0 0 0 0 0 0
1091 12 0 0 6 0 0 2 0 0
1095 8 0 0 0 0 0 0 0 0
1096 28 1 1 4 0 0 4 0 0
1106 4 0 0 0 0 0 0 0 0
1109 3 0 0 1 0 0 0 0 0
1113 1 0 0 0 0 0 1 1 1
1114 2 0 0 1 0 0 1 0 0
1115 2 0 0 0 0 0 0 0 0
1118 3 1 1 1 0 0 1 0 0
1119 2 0 0 1 0 0 1 0 0
1122 2 0 0 1 0 0 1 0 0
1126 4 0 0 1 0 0 0 0 0
1132 3 0 0 1 0 0 2 0 0
1133 1 0 0 0 0 0 0 0 0
1137 16 0 0 2 0 0 6 0 0
1188 4 1 1 2 0 0 2 0 0
1189 2 0 0 0 0 0 0 0 0
1192 6 1 1 4 0 0 2 1 1
1193 4 0 0 2 0 0 2 0 0
1194 2 0 0 0 0 0 0 0 0
1197 4 0 0 0 0 0 0 0 0
1206 4 0 0 0 0 0 0 0 0
1216 16 0 0 6 0 0 2 0 0
1228 8 1 1 4 0 0 0 0 0
1237 6 1 1 2 0 0 2 0 0
1244 8 0 0 2 0 0 0 0 0
1259 6 1 1 2 0 0 0 0 0
1278 4 0 0 2 0 0 2 0 0
1280 10 0 0 4 0 0 0 0 0
1334 6 1 1 2 1 1 0 0 0
1335 2 0 0 1 0 0 1 0 0
1338 8 0 0 2 0 0 2 0 0
1347 4 0 0 2 0 0 0 0 0
1349 8 1 1 4 0 0 2 0 0
1351 4 0 0 2 0 0 0 0 0
1367 4 0 0 0 0 0 2 0 0
1371 4 0 0 2 0 0 0 0 0
1372 4 0 0 2 0 0 0 0 0
1389 4 1 1 2 0 0 0 0 0
1390 1 0 0 0 0 0 1 0 0
1393 4 0 0 2 0 0 2 0 0
1394 4 0 0 2 0 0 2 0 0
1398 4 0 0 2 0 0 0 0 0
1408 6 0 0 2 0 0 2 0 0
1412 8 1 1 2 0 0 0 0 0
1432 16 1 1 14 0 0 0 0 0
fn=open_verify
1683 14 2 2 1 0 0 8 1 1
1719 3 0 0 1 0 0 0 0 0
1740 5 0 0 1 0 0 1 0 0
1741 2 1 1 0 0 0 0 0 0
1751 1 0 0 0 0 0 1 0 0
1752 2 0 0 0 0 0 1 0 0
1757 6 0 0 0 0 0 1 0 0
1759 2 0 0 0 0 0 0 0 0
1761 3 1 1 1 0 0 1 0 0
1763 2 0 0 0 0 0 0 0 0
1769 2 0 0 0 0 0 0 0 0
1785 20 1 1 3 0 0 4 0 0
1859 2 0 0 1 0 0 0 0 0
1864 2 0 0 1 0 0 0 0 0
1866 4 1 1 1 0 0 0 0 0
1872 2 0 0 0 0 0 0 0 0
1883 2 0 0 1 0 0 0 0 0
1889 5 0 0 1 0 0 0 0 0
1890 4 1 1 1 0 0 0 0 0
1891 2 0 0 0 0 0 1 0 0
1911 62 0 0 7 0 0 0 0 0
1913 19 1 1 9 6 6 0 0 0
1917 4 0 0 2 0 0 0 0 0
1918 2 1 1 0 0 0 0 0 0
1927 6 1 1 0 0 0 1 0 0
1930 1 0 0 0 0 0 0 0 0
1931 3 0 0 1 0 0 0 0 0
1932 3 0 0 1 0 0 0 0 0
1934 3 0 0 0 0 0 0 0 0
1978 10 2 2 8 0 0 0 0 0
fn=open_verify.constprop.8
1681 12 2 2 0 0 0 8 0 0
1719 5 0 0 1 0 0 0 0 0
1740 5 0 0 1 0 0 1 0 0
1741 2 0 0 0 0 0 0 0 0
1751 1 1 1 0 0 0 1 0 0
1752 2 0 0 0 0 0 1 0 0
1757 6 0 0 0 0 0 1 0 0
1759 2 0 0 0 0 0 0 0 0
1761 3 0 0 1 0 0 1 0 0
1763 2 0 0 0 0 0 0 0 0
1769 2 1 1 0 0 0 0 0 0
1785 27 2 2 4 0 0 5 0 0
1859 2 0 0 1 0 0 0 0 0
1864 2 0 0 1 0 0 0 0 0
1866 4 1 1 1 0 0 0 0 0
1872 2 0 0 0 0 0 0 0 0
1883 2 0 0 1 0 0 0 0 0
1889 5 0 0 1 0 0 0 0 0
1890 4 1 1 1 0 0 0 0 0
1891 2 0 0 0 0 0 1 0 0
1911 46 0 0 5 0 0 0 0 0
1913 17 1 1 8 0 0 0 0 0
1917 4 0 0 2 0 0 0 0 0
1918 2 0 0 0 0 0 0 0 0
1927 12 1 1 0 0 0 2 0 0
1930 1 0 0 0 0 0 0 0 0
1931 3 0 0 1 0 0 0 0 0
1932 3 0 0 1 0 0 0 0 0
1934 3 0 0 0 0 0 0 0 0
1939 1 0 0 0 0 0 0 0 0
1940 1 0 0 0 0 0 0 0 0
1943 2 1 1 0 0 0 0 0 0
1946 3 0 0 1 0 0 0 0 0
1947 5 0 0 1 0 0 0 0 0
1948 2 0 0 1 0 0 0 0 0
1949 3 0 0 1 0 0 0 0 0
1950 3 0 0 1 0 0 0 0 0
1978 8 1 1 7 0 0 0 0 0
fl=/build/glibc-ryFjv0/glibc-2.21/elf/dl-lookup.c
fn=_dl_lookup_symbol_x
514 5985 1 1 1419 97 91 0 0 0
515 5264 0 0 0 0 0 0 0 0
752 1545 1 1 103 0 0 1030 6 0
754 206 1 1 0 0 0 103 0 0
755 206 0 0 0 0 0 206 0 0
758 103 0 0 103 2 0 0 0 0
762 396 0 0 95 0 0 0 0 0
766 206 0 0 0 0 0 103 0 0
767 206 0 0 0 0 0 0 0 0
769 206 0 0 206 5 0 0 0 0
773 1163 1 1 109 0 0 309 0 0
775 1339 2 2 721 0 0 721 4 0
778 309 0 0 0 0 0 0 0 0
781 6 0 0 0 0 0 0 0 0
804 309 0 0 206 0 0 0 0 0
806 42 1 1 12 0 0 0 0 0
822 6 1 1 0 0 0 6 0 0
823 12 0 0 0 0 0 0 0 0
826 97 0 0 97 0 0 0 0 0
827 679 1 1 194 0 0 0 0 0
853 97 0 0 0 0 0 0 0 0
862 485 0 0 97 0 0 0 0 0
876 291 0 0 97 4 0 0 0 0
877 2 1 1 0 0 0 1 0 0
879 388 1 1 194 0 0 0 0 0
884 97 0 0 0 0 0 97 0 0
886 824 0 0 721 0 0 0 0 0
fn=_dl_setup_hash
897 12 1 1 4 0 0 0 0 0
901 4 0 0 4 0 0 0 0 0
905 8 0 0 4 4 4 4 0 0
906 4 0 0 4 0 0 0 0 0
907 4 0 0 4 1 1 0 0 0
909 12 0 0 0 0 0 0 0 0
910 4 0 0 0 0 0 4 0 0
911 12 1 1 4 0 0 4 0 0
913 4 0 0 0 0 0 4 0 0
914 8 0 0 0 0 0 0 0 0
916 4 0 0 0 0 0 4 0 0
918 12 0 0 0 0 0 4 0 0
919 4 0 0 4 0 0 0 0 0
fn=check_match
92 582 1 1 97 0 0 388 0 0
93 194 0 0 97 23 8 0 0 0
95 873 1 1 194 5 5 0 0 0
107 582 0 0 97 0 0 97 5 2
110 568 0 0 60 0 0 30 3 0
114 97 0 0 97 2 0 0 0 0
115 194 1 1 0 0 0 0 0 0
117 190 0 0 0 0 0 0 0 0
136 190 0 0 190 15 7 0 0 0
137 760 1 1 285 9 0 0 0 0
138 475 1 1 190 1 0 95 1 0
165 4 0 0 0 0 0 0 0 0
167 12 0 0 4 2 1 0 0 0
168 6 1 1 0 0 0 0 0 0
183 679 0 0 485 0 0 0 0 0
fn=do_lookup_x
197 35 2 2 35 0 0 0 0 0
355 1442 2 2 206 0 0 1030 11 1
356 103 0 0 103 1 0 0 0 0
362 103 1 1 103 0 0 0 0 0
366 636 0 0 636 8 0 0 0 0
369 636 1 1 0 0 0 0 0 0
373 1054 0 0 106 0 0 103 0 0
377 634 0 0 317 7 0 0 0 0
381 634 0 0 317 1 0 0 0 0
387 951 0 0 317 1 0 0 0 0
391 317 1 1 0 0 0 317 0 0
392 317 0 0 0 0 0 317 0 0
395 951 0 0 634 15 0 0 0 0
396 951 0 0 634 0 0 317 0 0
399 317 0 0 317 0 0 0 0 0
400 634 0 0 0 0 0 0 0 0
402 317 0 0 317 52 34 0 0 0
403 412 0 0 0 0 0 206 0 0
404 634 0 0 634 0 0 0 0 0
406 824 0 0 0 0 0 309 0 0
407 1268 1 1 634 0 0 0 0 0
410 2219 0 0 317 0 0 0 0 0
413 210 0 0 210 58 48 0 0 0
414 420 2 2 105 0 0 0 0 0
415 210 0 0 0 0 0 0 0 0
417 1352 1 1 312 0 0 520 0 0
420 975 0 0 195 76 61 0 0 0
422 485 0 0 97 0 0 0 0 0
423 1261 1 1 679 0 0 582 2 0
424 97 0 0 0 0 0 0 0 0
427 291 0 0 0 0 0 0 0 0
430 294 0 0 0 0 0 0 0 0
439 776 2 2 485 0 0 0 0 0
461 14 0 0 0 0 0 0 0 0
466 724 0 0 97 0 0 0 0 0
470 136 1 1 13 1 0 0 0 0
482 194 0 0 97 0 0 97 0 0
483 97 0 0 0 0 0 97 0 0
484 194 0 0 0 0 0 0 0 0
499 1208 1 1 604 1 0 0 0 0
500 235 0 0 0 0 0 47 0 0
501 21 2 2 7 0 0 0 0 0
503 663 0 0 0 0 0 0 0 0
506 12 0 0 0 0 0 0 0 0
507 824 1 1 721 0 0 0 0 0
fl=/build/glibc-ryFjv0/glibc-2.21/elf/dl-minimal.c
fn=__libc_memalign
51 57 1 1 0 0 0 38 2 2
52 75 0 0 37 0 0 0 0 0
57 3 0 0 0 0 0 1 0 0
58 3 1 1 1 0 0 0 0 0
59 1 0 0 0 0 0 0 0 0
63 57 0 0 0 0 0 19 0 0
64 19 0 0 0 0 0 0 0 0
66 121 1 1 0 0 0 0 0 0
70 12 0 0 3 0 0 0 0 0
71 6 0 0 0 0 0 0 0 0
77 24 0 0 0 0 0 3 0 0
79 15 0 0 6 0 0 0 0 0
83 9 0 0 0 0 0 3 0 0
86 19 1 1 0 0 0 19 0 0
87 19 0 0 0 0 0 19 0 0
89 95 0 0 57 0 0 0 0 0
fn=calloc
102 8 1 1 0 0 0 0 0 0
106 8 0 0 0 0 0 0 0 0
109 16 0 0 0 0 0 0 0 0
110 24 0 0 0 0 0 0 0 0
113 8 1 1 0 0 0 0 0 0
fn=malloc
93 18 0 0 0 0 0 0 0 0
94 36 0 0 0 0 0 0 0 0
fn=strsep
338 4 1 1 2 0 0 0 0 0
340 2 0 0 2 0 0 0 0 0
341 4 0 0 0 0 0 0 0 0
345 272 1 1 54 0 0 0 0 0
350 212 0 0 106 0 0 0 0 0
352 318 0 0 106 0 0 0 0 0
360 53 0 0 0 0 0 0 0 0
363 1 0 0 0 0 0 1 0 0
367 2 0 0 2 0 0 0 0 0
fl=/build/glibc-ryFjv0/glibc-2.21/elf/dl-misc.c
fn=_dl_name_match_p
288 305 1 1 0 0 0 122 0 0
289 244 1 1 61 2 0 61 5 3
290 64 0 0 0 0 0 0 0 0
292 61 0 0 61 0 0 0 0 0
294 246 0 0 0 0 0 0 0 0
295 325 0 0 65 3 0 65 0 0
298 62 0 0 62 0 0 0 0 0
300 58 0 0 0 0 0 0 0 0
301 305 1 1 183 0 0 0 0 0
fn=_dl_sysdep_read_whole_file
45 7 1 1 0 0 0 4 0 0
46 1 0 0 0 0 0 0 0 0
52 4 0 0 0 0 0 1 0 0
53 2 0 0 0 0 0 0 0 0
55 6 1 1 0 0 0 1 0 0
57 2 0 0 1 1 1 1 0 0
60 2 0 0 0 0 0 0 0 0
62 8 1 1 0 0 0 1 0 0
73 2 0 0 0 0 0 1 0 0
76 7 0 0 5 0 0 0 0 0
fl=/build/glibc-ryFjv0/glibc-2.21/elf/dl-object.c
fn=_dl_add_to_namespace_list
32 15 1 1 0 0 0 9 0 0
34 9 0 0 3 0 0 3 0 0
36 22 0 0 3 0 0 0 0 0
39 15 0 0 5 0 0 0 0 0
41 2 0 0 0 0 0 2 0 0
43 2 0 0 0 0 0 2 0 0
46 2 0 0 0 0 0 1 0 0
47 9 1 1 3 0 0 0 0 0
48 6 0 0 3 0 0 3 0 0
49 6 0 0 0 0 0 3 0 0
51 9 0 0 3 0 0 0 0 0
52 9 0 0 9 0 0 0 0 0
fn=_dl_new_object
61 42 2 2 0 0 0 30 3 3
62 9 0 0 0 0 0 3 0 0
68 39 2 2 6 0 0 0 0 0
75 15 1 1 0 0 0 6 0 0
78 6 0 0 0 0 0 0 0 0
81 3 0 0 0 0 0 3 3 3
82 6 0 0 0 0 0 3 3 3
86 6 0 0 0 0 0 3 1 1
87 15 1 1 6 0 0 6 1 1
89 3 0 0 0 0 0 3 0 0
97 18 0 0 6 0 0 3 0 0
98 18 1 1 6 3 3 3 0 0
101 6 0 0 3 0 0 0 0 0
102 6 0 0 0 0 0 3 3 3
103 3 0 0 0 0 0 3 0 0
107 3 0 0 0 0 0 3 0 0
110 43 1 1 0 0 0 0 0 0
112 32 0 0 0 0 0 16 5 5
122 6 0 0 0 0 0 3 0 0
123 3 0 0 0 0 0 3 3 3
126 1 1 1 0 0 0 0 0 0
128 18 0 0 3 1 1 0 0 0
130 8 1 1 0 0 0 2 1 1
133 9 0 0 0 0 0 0 0 0
137 6 0 0 2 0 0 0 0 0
141 14 0 0 2 0 0 0 0 0
143 6 1 1 1 0 0 0 0 0
149 1 0 0 0 0 0 1 1 1
152 6 0 0 0 0 0 3 1 1
155 6 0 0 0 0 0 0 0 0
157 14 1 1 2 0 0 6 0 0
161 10 0 0 2 0 0 0 0 0
165 6 1 1 0 0 0 2 0 0
166 8 0 0 0 0 0 0 0 0
211 48 1 1 4 0 0 2 0 0
216 42 0 0 0 0 0 0 0 0
217 88 0 0 42 0 0 0 0 0
222 4 0 0 0 0 0 2 0 0
225 4 0 0 0 0 0 2 0 0
229 24 0 0 21 0 0 0 0 0
fl=/build/glibc-ryFjv0/glibc-2.21/elf/dl-open.c
fn=_dl_find_dso_for_object
182 5 1 1 1 0 0 0 0 0
183 10 2 2 3 0 0 0 0 0
184 12 0 0 6 0 0 0 0 0
185 2 0 0 1 0 0 0 0 0
188 2 1 1 1 0 0 0 0 0
192 1 0 0 1 0 0 0 0 0
fl=/build/glibc-ryFjv0/glibc-2.21/elf/dl-reloc.c
fn=_dl_relocate_object
154 48 2 2 0 0 0 32 0 0
161 4 0 0 0 0 0 4 0 0
164 8 0 0 0 0 0 0 0 0
165 20 0 0 0 0 0 12 0 0
169 8 0 0 0 0 0 0 0 0
170 16 0 0 8 1 0 0 0 0
176 8 0 0 4 0 0 0 0 0
182 12 1 1 4 0 0 0 0 0
183 8 1 1 4 3 0 0 0 0
186 8 0 0 4 0 0 0 0 0
193 8 0 0 4 1 0 0 0 0
238 12 1 1 8 0 0 4 0 0
264 200 4 4 67 13 1 53 0 0
267 12 1 1 4 0 0 0 0 0
299 4 0 0 4 0 0 0 0 0
302 12 0 0 8 0 0 0 0 0
319 12 0 0 4 3 0 0 0 0
321 32 0 0 28 1 0 0 0 0
327 16 0 0 8 0 0 0 0 0
328 8 1 1 4 0 0 0 0 0
329 8 0 0 0 0 0 0 0 0
332 8 0 0 0 0 0 0 0 0
333 20 1 1 0 0 0 4 0 0
fl=/build/glibc-ryFjv0/glibc-2.21/elf/dl-tls.c
fn=__tls_get_addr
828 1 1 1 1 0 0 0 0 0
830 3 0 0 2 2 0 0 0 0
833 3 0 0 2 1 0 0 0 0
835 2 0 0 0 0 0 0 0 0
838 1 0 0 1 0 0 0 0 0
839 1 0 0 1 0 0 0 0 0
fn=_dl_add_to_slotinfo
889 4 1 1 0 0 0 3 0 0
895 2 0 0 1 0 0 0 0 0
898 1 0 0 1 1 0 0 0 0
903 5 1 1 1 1 0 0 0 0
944 1 0 0 0 0 0 1 0 0
945 3 0 0 1 1 0 1 0 0
946 4 0 0 4 0 0 0 0 0
fn=_dl_allocate_tls_init
449 7 0 0 0 0 0 6 0 0
450 2 1 1 0 0 0 0 0 0
454 2 0 0 1 1 0 1 0 0
456 1 0 0 0 0 0 0 0 0
457 1 0 0 0 0 0 0 0 0
460 4 1 1 2 1 0 1 0 0
472 3 0 0 1 0 0 1 0 0
477 12 0 0 2 0 0 0 0 0
483 9 1 1 0 0 0 0 0 0
486 1 1 1 1 0 0 0 0 0
487 2 0 0 0 0 0 0 0 0
493 3 1 1 2 0 0 0 0 0
494 2 0 0 0 0 0 0 0 0
496 2 0 0 0 0 0 0 0 0
497 2 0 0 1 0 0 0 0 0
506 2 0 0 1 0 0 0 0 0
507 4 1 1 2 0 0 0 0 0
509 2 0 0 0 0 0 0 0 0
510 2 0 0 1 0 0 0 0 0
518 4 0 0 1 0 0 1 0 0
519 1 0 0 0 0 0 1 0 0
520 11 0 0 4 0 0 2 0 0
534 2 1 1 1 0 0 1 0 0
536 1 0 0 1 0 0 0 0 0
537 8 0 0 7 0 0 0 0 0
fn=_dl_allocate_tls_storage
321 2 1 1 1 0 0 0 0 0
322 3 0 0 0 0 0 1 0 0
323 2 0 0 0 0 0 0 0 0
326 1 0 0 0 0 0 1 1 1
332 2 0 0 0 0 0 1 0 0
354 3 1 1 0 0 0 3 0 0
356 1 0 0 1 0 0 0 0 0
367 4 0 0 1 0 0 1 0 0
368 2 1 1 0 0 0 0 0 0
375 1 0 0 0 0 0 0 0 0
379 297 0 0 0 0 0 289 36 36
396 5 0 0 4 0 0 0 0 0
fn=_dl_count_modids
115 2 1 1 1 0 0 0 0 0
116 2 0 0 2 0 0 0 0 0
fn=_dl_determine_tlsoffset
138 7 1 1 0 0 0 6 0 0
144 3 0 0 1 0 0 0 0 0
147 2 0 0 1 0 0 0 0 0
183 9 0 0 2 0 0 0 0 0
185 10 1 1 1 0 0 0 0 0
187 4 1 1 1 0 0 0 0 0
188 2 1 1 1 0 0 0 0 0
190 2 0 0 0 0 0 0 0 0
192 6 0 0 1 0 0 0 0 0
208 6 0 0 0 0 0 0 0 0
210 3 0 0 0 0 0 0 0 0
211 1 0 0 0 0 0 0 0 0
220 1 1 1 0 0 0 1 0 0
223 4 0 0 0 0 0 1 0 0
224 1 0 0 0 0 0 1 0 0
275 1 1 1 0 0 0 1 0 0
276 8 0 0 7 0 0 0 0 0
fn=_dl_next_tls_modid
49 1 1 1 0 0 0 0 0 0
52 4 0 0 2 0 0 0 0 0
100 1 0 0 0 0 0 1 0 0
104 2 1 1 1 0 0 0 0 0
fl=/build/glibc-ryFjv0/glibc-2.21/elf/dl-version.c
fn=_dl_check_all_versions
380 6 1 1 0 0 0 4 0 0
384 18 0 0 4 0 0 0 0 0
385 4 0 0 0 0 0 0 0 0
386 40 1 1 4 0 0 4 0 0
389 7 0 0 5 0 0 0 0 0
fn=_dl_check_map_versions
56 24 1 1 4 0 0 0 0 0
57 5 0 0 5 0 0 0 0 0
58 37 0 0 0 0 0 7 0 0
174 36 1 1 0 0 0 24 0 0
175 2 0 0 0 0 0 0 0 0
183 2 0 0 0 0 0 0 0 0
189 12 1 1 4 0 0 0 0 0
190 2 0 0 0 0 0 0 0 0
191 8 0 0 4 0 0 4 0 0
193 8 0 0 4 0 0 4 0 0
194 16 0 0 4 0 0 12 0 0
196 12 1 1 0 0 0 0 0 0
199 6 0 0 4 0 0 2 0 0
203 12 0 0 4 2 2 0 0 0
220 4 0 0 4 0 0 0 0 0
228 6 1 1 2 0 0 0 0 0
233 16 0 0 4 0 0 0 0 0
237 137 1 1 73 2 2 14 0 0
244 42 1 1 21 0 0 0 0 0
247 21 0 0 7 0 0 0 0 0
252 5 0 0 0 0 0 0 0 0
256 12 0 0 4 0 0 0 0 0
270 8 1 1 4 0 0 0 0 0
273 8 0 0 6 0 0 0 0 0
276 112 0 0 28 2 2 0 0 0
279 84 0 0 28 0 0 0 0 0
283 26 0 0 0 0 0 0 0 0
287 9 1 1 0 0 0 0 0 0
292 3 0 0 0 0 0 3 0 0
293 12 0 0 0 0 0 3 0 0
294 6 1 1 0 0 0 0 0 0
302 3 0 0 0 0 0 3 0 0
305 9 0 0 6 0 0 3 0 0
307 9 0 0 3 0 0 0 0 0
310 8 1 1 6 0 0 0 0 0
314 6 0 0 2 0 0 0 0 0
317 21 0 0 7 0 0 0 0 0
319 21 0 0 0 0 0 0 0 0
321 35 0 0 7 0 0 7 0 0
322 21 0 0 0 0 0 7 3 3
323 21 1 1 7 0 0 7 1 1
324 21 0 0 7 0 0 7 0 0
327 21 0 0 7 0 0 0 0 0
332 5 0 0 0 0 0 0 0 0
335 6 0 0 2 0 0 0 0 0
345 9 0 0 3 0 0 0 0 0
348 8 1 1 6 0 0 0 0 0
352 28 0 0 28 0 0 0 0 0
354 56 0 0 28 0 0 0 0 0
358 26 0 0 26 0 0 0 0 0
359 130 0 0 26 0 0 26 8 8
360 78 0 0 26 0 0 26 0 0
361 26 0 0 0 0 0 26 3 3
364 84 0 0 28 0 0 0 0 0
368 26 0 0 0 0 0 0 0 0
374 35 1 1 28 0 0 0 0 0
fn=match_symbol
76 91 1 1 0 0 0 56 0 0
77 14 1 1 14 0 0 0 0 0
85 14 0 0 7 0 0 0 0 0
91 21 0 0 7 0 0 0 0 0
106 7 0 0 7 1 0 0 0 0
107 14 0 0 0 0 0 0 0 0
109 7 0 0 7 0 0 0 0 0
114 94 0 0 47 8 8 0 0 0
128 94 0 0 47 3 3 0 0 0
130 7 1 1 7 0 0 0 0 0
133 42 0 0 7 1 1 7 0 0
140 120 1 1 40 1 1 0 0 0
144 40 0 0 0 0 0 0 0 0
168 56 0 0 49 0 0 0 0 0
fl=/build/glibc-ryFjv0/glibc-2.21/elf/do-rel.h
fn=_dl_relocate_object
47 16 0 0 8 0 0 0 0 0
48 8 0 0 8 0 0 0 0 0
58 24 0 0 8 1 0 0 0 0
61 135 0 0 0 0 0 0 0 0
63 123 1 1 41 16 16 0 0 0
65 16 1 1 0 0 0 0 0 0
74 6 0 0 0 0 0 0 0 0
75 36 1 1 17 0 0 0 0 0
76 10 0 0 5 0 0 0 0 0
83 10 0 0 5 0 0 5 0 0
84 5 1 1 5 0 0 0 0 0
86 10 0 0 0 0 0 0 0 0
98 15 0 0 0 0 0 0 0 0
108 9 1 1 1 1 1 0 0 0
111 3584 1 1 0 0 0 0 0 0
112 2384 0 0 1192 0 0 0 0 0
118 15 1 1 5 4 0 0 0 0
121 8 0 0 4 3 0 4 1 0
124 302 1 1 3 0 0 3 1 0
127 380 1 1 95 25 22 0 0 0
136 285 0 0 190 41 38 0 0 0
137 542 0 0 95 0 0 95 1 0
138 176 0 0 95 1 0 0 0 0
139 190 0 0 95 0 0 0 0 0
143 6 0 0 0 0 0 0 0 0
160 21 2 2 0 0 0 3 0 0
162 20 0 0 5 2 2 0 0 0
170 25 0 0 5 0 0 5 0 0
171 10 1 1 10 0 0 0 0 0
174 4 1 1 2 0 0 0 0 0
fn=_dl_start
83 1 0 0 1 0 0 0 0 0
84 1 0 0 1 0 0 0 0 0
111 33 0 0 0 0 0 0 0 0
112 20 1 1 10 3 3 0 0 0
116 2 0 0 1 0 0 0 0 0
124 25 1 1 0 0 0 0 0 0
137 35 0 0 7 1 1 0 0 0
139 14 0 0 7 0 0 0 0 0
fl=/build/glibc-ryFjv0/glibc-2.21/elf/get-dynamic-info.h
fn=_dl_map_object_from_fd
39 4 0 0 0 0 0 0 0 0
43 2 0 0 0 0 0 0 0 0
45 141 0 0 47 13 13 0 0 0
47 90 0 0 0 0 0 0 0 0
60 42 0 0 0 0 0 0 0 0
61 71 0 0 0 0 0 43 10 10
62 8 1 1 0 0 0 0 0 0
64 2 1 1 0 0 0 0 0 0
65 10 0 0 0 0 0 0 0 0
67 2 0 0 0 0 0 0 0 0
68 10 1 1 0 0 0 0 0 0
69 2 0 0 0 0 0 0 0 0
70 8 0 0 0 0 0 2 0 0
71 45 0 0 0 0 0 0 0 0
78 4 0 0 0 0 0 0 0 0
98 7 0 0 3 0 0 0 0 0
99 8 1 1 4 0 0 0 0 0
100 8 0 0 4 0 0 0 0 0
101 8 0 0 4 0 0 0 0 0
103 8 0 0 4 0 0 0 0 0
108 8 1 1 4 0 0 0 0 0
109 7 0 0 3 1 1 0 0 0
110 8 0 0 4 0 0 0 0 0
116 6 0 0 2 0 0 0 0 0
121 4 1 1 2 0 0 0 0 0
128 4 0 0 2 0 0 0 0 0
129 6 0 0 4 0 0 0 0 0
145 6 0 0 2 1 1 0 0 0
150 2 0 0 1 0 0 1 0 0
152 2 0 0 0 0 0 0 0 0
154 2 0 0 0 0 0 0 0 0
156 2 0 0 0 0 0 0 0 0
159 6 1 1 2 0 0 0 0 0
161 3 0 0 1 0 0 1 0 0
169 2 1 1 1 0 0 0 0 0
174 2 0 0 0 0 0 0 0 0
177 4 0 0 2 0 0 0 0 0
fn=_dl_start
45 57 0 0 19 6 6 0 0 0
47 36 0 0 0 0 0 0 0 0
48 26 0 0 0 0 0 13 4 4
60 21 1 1 0 0 0 0 0 0
61 18 0 0 0 0 0 4 3 3
62 4 2 2 0 0 0 0 0 0
64 1 0 0 0 0 0 0 0 0
65 5 0 0 0 0 0 0 0 0
67 2 0 0 0 0 0 0 0 0
68 5 1 1 0 0 0 0 0 0
69 1 0 0 0 0 0 0 0 0
70 5 2 2 0 0 0 1 1 1
71 18 0 0 0 0 0 0 0 0
78 2 0 0 0 0 0 0 0 0
98 4 0 0 2 0 0 0 0 0
99 4 1 1 2 0 0 0 0 0
100 4 0 0 2 0 0 0 0 0
101 4 0 0 2 0 0 0 0 0
103 4 0 0 2 0 0 0 0 0
108 4 1 1 2 0 0 0 0 0
109 4 0 0 2 0 0 0 0 0
110 4 0 0 2 0 0 0 0 0
116 3 0 0 1 0 0 0 0 0
121 2 1 1 1 0 0 0 0 0
128 3 0 0 1 0 0 0 0 0
129 3 0 0 2 0 0 0 0 0
137 3 0 0 1 0 0 0 0 0
139 3 1 1 1 0 0 0 0 0
142 2 0 0 1 0 0 0 0 0
143 2 0 0 1 0 0 0 0 0
fn=dl_main
30 1 0 0 1 0 0 0 0 0
39 2 0 0 0 0 0 0 0 0
43 1 0 0 0 0 0 0 0 0
45 72 0 0 24 7 7 0 0 0
47 46 0 0 0 0 0 0 0 0
60 17 0 0 0 0 0 0 0 0
61 33 0 0 0 0 0 22 5 5
62 4 1 1 0 0 0 0 0 0
64 1 0 0 0 0 0 0 0 0
65 5 1 1 0 0 0 0 0 0
67 1 1 1 0 0 0 0 0 0
68 5 1 1 0 0 0 0 0 0
69 1 0 0 0 0 0 0 0 0
70 4 0 0 0 0 0 1 0 0
71 23 0 0 0 0 0 0 0 0
78 3 0 0 1 0 0 0 0 0
116 3 1 1 1 0 0 0 0 0
121 2 0 0 1 0 0 0 0 0
128 2 0 0 1 0 0 0 0 0
129 3 1 1 2 0 0 0 0 0
145 3 0 0 1 0 0 0 0 0
159 3 1 1 1 0 0 0 0 0
177 2 1 1 1 0 0 0 0 0
fl=/build/glibc-ryFjv0/glibc-2.21/elf/rtld.c
fn=_dl_initial_error_catch_tsd
649 8 0 0 4 0 0 0 0 0
fn=_dl_start
287 2 1 1 0 0 0 1 1 1
288 2 0 0 0 0 0 1 0 0
289 2 0 0 0 0 0 1 1 1
290 2 1 1 0 0 0 1 0 0
291 2 0 0 0 0 0 1 0 0
299 5 0 0 0 0 0 1 1 1
302 1 0 0 0 0 0 1 0 0
308 4 1 0 0 0 0 1 0 0
317 5 1 0 0 0 0 0 0 0
320 2 0 0 1 1 0 1 1 0
324 2 0 0 1 0 0 0 0 0
338 9 1 1 0 0 0 6 1 1
356 5 0 0 0 0 0 1 1 1
379 1 0 0 0 0 0 1 0 0
382 1 1 1 0 0 0 1 1 1
393 2 0 0 0 0 0 0 0 0
398 26 2 2 9 0 0 0 0 0
400 1 0 0 1 1 1 0 0 0
425 9 0 0 7 1 0 0 0 0
fn=dl_main
704 1 0 0 1 0 0 0 0 0
706 1 0 0 0 0 0 1 0 0
712 3 0 0 1 0 0 0 0 0
717 1 0 0 0 0 0 1 0 0
719 1 1 1 0 0 0 1 0 0
725 1 0 0 0 0 0 1 0 0
742 12 2 2 0 0 0 8 1 1
751 1 0 0 0 0 0 0 0 0
757 1 0 0 0 0 0 1 0 0
761 2 0 0 0 0 0 1 0 0
764 2 0 0 0 0 0 1 1 1
768 2 0 0 0 0 0 1 1 1
769 2 1 1 0 0 0 1 0 0
774 2 0 0 0 0 0 1 0 0
784 4 1 1 2 0 0 0 0 0
985 8 2 2 0 0 0 1 0 0
987 2 0 0 0 0 0 0 0 0
988 1 0 0 0 0 0 1 1 1
989 2 0 0 1 0 0 1 0 0
990 3 1 1 2 0 0 1 0 0
994 3 0 0 0 0 0 1 0 0
995 2 0 0 1 0 0 0 0 0
1016 1 0 0 0 0 0 1 0 0
1017 1 1 1 0 0 0 1 0 0
1019 1 0 0 0 0 0 1 0 0
1021 1 0 0 1 0 0 0 0 0
1024 35 0 0 1 0 0 0 0 0
1025 71 2 2 9 5 5 0 0 0
1029 3 1 1 1 0 0 1 0 0
1030 1 0 0 0 0 0 0 0 0
1034 3 0 0 2 0 0 1 0 0
1035 1 0 0 0 0 0 0 0 0
1043 1 0 0 0 0 0 1 1 1
1044 2 0 0 2 1 1 0 0 0
1046 2 1 1 0 0 0 1 0 0
1053 3 0 0 1 0 0 0 0 0
1071 1 0 0 0 0 0 0 0 0
1079 4 0 0 2 0 0 0 0 0
1080 11 2 2 3 1 1 0 0 0
1081 4 0 0 2 0 0 0 0 0
1082 3 0 0 2 1 1 1 0 0
1085 2 0 0 0 0 0 0 0 0
1086 4 0 0 2 0 0 0 0 0
1087 2 0 0 0 0 0 2 0 0
1088 6 1 1 3 0 0 0 0 0
1089 2 0 0 0 0 0 1 0 0
1116 2 0 0 1 0 0 1 0 0
1117 1 0 0 0 0 0 0 0 0
1120 2 1 1 1 0 0 1 0 0
1121 2 0 0 1 0 0 1 0 0
1122 1 0 0 0 0 0 0 0 0
1127 5 2 2 3 1 1 0 0 0
1130 2 0 0 0 0 0 0 0 0
1132 2 0 0 0 0 0 0 0 0
1134 2 1 1 1 0 0 0 0 0
1147 3 0 0 1 0 0 0 0 0
1148 9 0 0 5 0 0 1 0 0
1153 1 0 0 0 0 0 1 0 0
1155 1 1 1 0 0 0 1 1 1
1156 1 0 0 0 0 0 1 1 1
1158 2 0 0 1 0 0 0 0 0
1159 2 0 0 0 0 0 1 0 0
1163 2 0 0 1 0 0 0 0 0
1165 2 1 1 0 0 0 0 0 0
1170 2 0 0 0 0 0 1 0 0
1173 4 0 0 1 0 0 1 0 0
1189 3 1 1 0 0 0 1 0 0
1195 9 1 1 1 0 0 2 0 0
1200 2 1 1 1 0 0 1 0 0
1203 4 1 1 1 0 0 1 0 0
1205 1 0 0 0 0 0 1 0 0
1210 2 0 0 1 0 0 0 0 0
1213 3 0 0 2 0 0 1 0 0
1214 4 0 0 1 0 0 1 0 0
1215 2 1 1 0 0 0 1 0 0
1216 1 0 0 0 0 0 1 0 0
1217 1 0 0 1 0 0 0 0 0
1218 1 0 0 1 0 0 0 0 0
1223 2 0 0 1 0 0 0 0 0
1224 5 0 0 1 0 0 1 0 0
1241 2 0 0 1 1 1 0 0 0
1242 2 1 1 1 0 0 0 0 0
1244 4 0 0 1 0 0 0 0 0
1246 2 0 0 0 0 0 1 0 0
1247 4 1 1 1 0 0 1 1 1
1252 3 0 0 0 0 0 0 0 0
1253 5 0 0 1 1 1 0 0 0
1255 2 0 0 1 0 0 1 1 1
1256 2 0 0 1 0 0 1 0 0
1261 2 0 0 1 0 0 0 0 0
1266 3 1 1 1 0 0 0 0 0
1443 2 0 0 0 0 0 2 0 0
1451 3 0 0 1 0 0 0 0 0
1454 1 0 0 0 0 0 1 0 0
1458 3 1 1 1 0 0 0 0 0
1463 1 0 0 0 0 0 1 0 0
1464 1 0 0 0 0 0 1 0 0
1465 1 0 0 0 0 0 0 0 0
1469 3 0 0 1 0 0 0 0 0
1484 3 0 0 2 0 0 0 0 0
1485 1 0 0 0 0 0 0 0 0
1486 1 0 0 0 0 0 0 0 0
1488 3 1 1 1 0 0 0 0 0
1495 12 2 2 0 0 0 3 0 0
1498 6 0 0 0 0 0 0 0 0
1501 12 1 1 0 0 0 2 0 0
1502 2 0 0 1 0 0 0 0 0
1503 3 0 0 1 0 0 0 0 0
1505 6 0 0 0 0 0 1 0 0
1507 6 1 1 1 0 0 0 0 0
1509 3 0 0 0 0 0 1 0 0
1519 5 0 0 0 0 0 1 0 0
1596 4 0 0 2 0 0 0 0 0
1600 8 2 2 0 0 0 0 0 0
1601 1 0 0 0 0 0 0 0 0
1604 3 0 0 0 0 0 1 0 0
1605 1 0 0 1 0 0 0 0 0
1606 2 0 0 0 0 0 0 0 0
1607 4 1 1 0 0 0 0 0 0
1613 5 1 1 0 0 0 0 0 0
1614 8 0 0 1 0 0 1 0 0
1615 4 0 0 0 0 0 0 0 0
1617 2 1 1 1 0 0 0 0 0
1620 13 0 0 2 0 0 0 0 0
1621 16 0 0 8 0 0 0 0 0
1624 3 0 0 2 0 0 1 0 0
1625 3 1 1 1 0 0 0 0 0
1626 1 1 1 0 0 0 1 0 0
1628 8 0 0 0 0 0 0 0 0
1629 13 0 0 4 0 0 0 0 0
1639 2 1 1 0 0 0 1 0 0
1641 2 0 0 1 0 0 1 0 0
1642 2 0 0 1 0 0 0 0 0
1644 2 0 0 0 0 0 1 0 0
1646 3 1 1 0 0 0 0 0 0
1648 3 0 0 1 0 0 0 0 0
1649 1 0 0 1 0 0 0 0 0
1662 2 0 0 0 0 0 0 0 0
1663 2 1 1 0 0 0 1 0 0
1664 3 0 0 1 0 0 0 0 0
1675 5 1 1 1 0 0 1 0 0
1676 1 0 0 0 0 0 1 0 0
1677 5 0 0 0 0 0 1 0 0
1687 2 0 0 1 0 0 1 0 0
1688 2 0 0 1 0 0 0 0 0
1689 2 1 1 0 0 0 2 0 0
1691 2 0 0 1 0 0 0 0 0
1696 2 0 0 1 0 0 0 0 0
1926 3 0 0 1 0 0 0 0 0
1982 2 1 1 0 0 0 1 0 0
1986 4 0 0 2 0 0 2 0 0
1990 2 0 0 1 0 0 1 0 0
1993 2 1 1 1 0 0 0 0 0
2047 3 2 2 1 0 0 0 0 0
2054 1 0 0 1 0 0 0 0 0
2056 7 0 0 1 0 0 1 0 0
2058 11 1 1 0 0 0 0 0 0
2060 12 1 1 8 1 0 0 0 0
2065 8 0 0 8 0 0 0 0 0
2067 10 0 0 0 0 0 0 0 0
2069 1 1 1 0 0 0 1 0 0
2070 1 0 0 1 0 0 0 0 0
2073 4 0 0 4 0 0 0 0 0
2075 9 0 0 0 0 0 0 0 0
2076 24 0 0 6 2 0 3 0 0
2080 14 0 0 5 1 0 0 0 0
2081 3 0 0 0 0 0 1 0 0
2083 5 0 0 0 0 0 0 0 0
2085 2 0 0 1 1 0 1 0 0
2091 2 0 0 1 0 0 0 0 0
2096 4 1 1 2 1 0 0 0 0
2098 1 0 0 1 0 0 0 0 0
2103 2 0 0 1 0 0 1 0 0
2106 2 0 0 1 0 0 0 0 0
2115 3 1 1 2 0 0 0 0 0
2117 2 0 0 1 0 0 0 0 0
2132 5 0 0 0 0 0 0 0 0
2134 1 0 0 1 0 0 0 0 0
2135 5 1 1 1 0 0 1 0 0
2136 4 0 0 0 0 0 0 0 0
2138 2 0 0 1 0 0 0 0 0
2146 1 0 0 0 0 0 1 0 0
2150 3 1 1 1 0 0 0 0 0
2170 4 0 0 0 0 0 1 0 0
2171 1 0 0 0 0 0 1 0 0
2172 1 0 0 0 0 0 1 0 0
2173 1 0 0 0 0 0 0 0 0
2177 1 0 0 0 0 0 1 0 0
2182 8 0 0 7 1 0 0 0 0
2350 2 0 0 1 0 0 1 1 1
2352 1 0 0 0 0 0 0 0 0
2353 1 0 0 0 0 0 0 0 0
2357 13 1 1 1 0 0 4 1 1
2359 11 0 0 2 0 0 3 1 1
2363 39 1 1 8 0 0 0 0 0
2364 7 0 0 0 0 0 0 0 0
2366 2 0 0 0 0 0 0 0 0
2372 7 1 1 1 1 1 0 0 0
2393 6 1 1 0 0 0 1 0 0
2400 6 1 1 0 0 0 1 0 0
2402 3 0 0 0 0 0 1 0 0
2521 3 1 1 1 0 0 0 0 0
2551 2 0 0 0 0 0 0 0 0
fn=do_preload
655 6 1 1 0 0 0 3 0 0
657 1 0 0 0 0 0 1 0 0
661 1 0 0 0 0 0 1 0 0
662 1 1 1 0 0 0 1 0 0
663 1 0 0 0 0 0 1 0 0
665 1 0 0 1 0 0 0 0 0
667 6 0 0 0 0 0 1 0 0
668 3 0 0 1 0 0 0 0 0
676 3 1 1 1 0 0 0 0 0
682 5 0 0 4 0 0 0 0 0
fn=init_tls
574 1 0 0 0 0 0 1 0 0
576 2 1 1 1 0 0 1 0 0
580 2 0 0 1 0 0 0 0 0
581 1 0 0 0 0 0 0 0 0
586 2 0 0 0 0 0 1 0 0
589 1 0 0 0 0 0 1 0 0
590 4 0 0 0 0 0 1 0 0
595 1 0 0 0 0 0 0 0 0
597 1 0 0 0 0 0 1 1 1
601 2 0 0 1 1 1 0 0 0
602 1 0 0 0 0 0 0 0 0
603 11 1 1 1 0 0 0 0 0
604 8 1 1 4 0 0 0 0 0
605 8 0 0 4 0 0 0 0 0
609 3 0 0 0 0 0 1 0 0
611 1 0 0 0 0 0 0 0 0
613 3 0 0 0 0 0 0 0 0
616 1 0 0 0 0 0 1 0 0
623 2 1 1 0 0 0 1 0 0
624 2 0 0 0 0 0 0 0 0
630 2 0 0 1 0 0 1 0 0
633 7 1 1 0 0 0 2 0 0
636 1 0 0 0 0 0 1 0 0
638 1 0 0 0 0 0 0 0 0
639 2 0 0 2 0 0 0 0 0
fn=map_doit
481 2 1 1 0 0 0 1 0 0
483 4 0 0 1 0 0 0 0 0
484 6 0 0 2 0 0 2 0 0
486 2 0 0 2 0 0 0 0 0
fn=rtld_lock_default_lock_recursive
689 10 1 1 10 2 1 0 0 0
fn=rtld_lock_default_unlock_recursive
695 10 3 1 10 1 0 0 0 0
fn=version_check_doit
514 2 1 1 0 0 0 1 0 0
516 6 0 0 2 0 0 1 0 0
520 2 0 0 2 0 0 0 0 0
fl=/build/glibc-ryFjv0/glibc-2.21/elf/setup-vdso.h
fn=dl_main
24 2 0 0 1 0 0 0 0 0
fl=/build/glibc-ryFjv0/glibc-2.21/io/../sysdeps/unix/syscall-template.S
fn=__write_nocancel
81 75 0 0 15 0 0 0 0 0
fn=access
81 12 1 1 0 0 0 0 0 0
83 15 0 0 3 0 0 3 1 1
fn=close
81 12 1 1 0 0 0 0 0 0
82 3 0 0 3 0 0 0 0 0
fn=open
81 12 1 1 0 0 0 0 0 0
82 3 0 0 3 0 0 0 0 0
fn=read
81 8 1 1 0 0 0 0 0 0
82 2 0 0 2 0 0 0 0 0
fn=write
81 30 1 1 15 0 0 0 0 0
fl=/build/glibc-ryFjv0/glibc-2.21/io/../sysdeps/unix/sysv/linux/wordsize-64/fxstat.c
fn=_fxstat
33 4 0 0 0 0 0 0 0 0
34 8 2 2 0 0 0 0 0 0
35 24 1 1 0 0 0 0 0 0
39 4 0 0 4 0 0 0 0 0
fl=/build/glibc-ryFjv0/glibc-2.21/libio/../sysdeps/unix/sysv/linux/sys/sysmacros.h
fn=_IO_file_doallocate
41 6 1 1 0 0 0 0 0 0
fl=/build/glibc-ryFjv0/glibc-2.21/libio/filedoalloc.c
fn=_IO_file_doallocate
96 5 1 1 0 0 0 3 0 0
111 8 0 0 3 1 0 1 1 0
113 4 0 0 1 1 0 0 0 0
116 2 0 0 0 0 0 0 0 0
118 2 1 1 1 0 0 0 0 0
121 2 0 0 1 0 0 0 0 0
124 6 1 1 1 0 0 0 0 0
128 8 0 0 0 0 0 1 0 0
129 5 0 0 0 0 0 1 0 0
130 1 0 0 0 0 0 0 0 0
131 5 0 0 4 0 0 0 0 0
fl=/build/glibc-ryFjv0/glibc-2.21/libio/fileops.c
fn=_IO_do_write@@GLIBC_2.2.5
480 32 0 0 0 0 0 16 1 0
482 64 1 1 0 0 0 0 0 0
483 36 0 0 32 0 0 0 0 0
491 8 0 0 4 0 0 0 0 0
498 16 1 1 8 0 0 0 0 0
506 24 1 1 8 0 0 4 0 0
507 20 0 0 4 0 0 0 0 0
509 16 0 0 4 0 0 12 0 0
510 8 0 0 0 0 0 8 0 0
511 4 0 0 0 0 0 4 0 0
512 8 1 1 4 0 0 0 0 0
513 12 0 0 4 0 0 0 0 0
fn=_IO_file_overflow@@GLIBC_2.2.5
795 128 1 1 0 0 0 96 0 0
796 96 0 0 32 0 0 0 0 0
803 216 0 0 60 0 0 0 0 0
806 4 1 1 2 0 0 0 0 0
808 4 1 1 0 0 0 2 0 0
809 12 1 1 4 0 0 6 0 0
818 4 0 0 0 0 0 0 0 0
827 8 1 1 4 0 0 0 0 0
829 2 0 0 0 0 0 2 0 0
830 2 0 0 0 0 0 2 0 0
831 2 0 0 0 0 0 2 0 0
832 4 0 0 0 0 0 4 0 0
834 6 0 0 0 0 0 2 0 0
835 12 0 0 2 0 0 0 0 0
836 4 1 1 0 0 0 2 0 0
838 64 0 0 0 0 0 0 0 0
839 28 1 1 0 0 0 0 0 0
840 14 0 0 0 0 0 0 0 0
841 36 0 0 18 0 0 0 0 0
844 54 0 0 0 0 0 36 1 0
845 54 0 0 18 0 0 0 0 0
846 40 0 0 0 0 0 0 0 0
847 8 0 0 0 0 0 2 0 0
848 6 0 0 4 0 0 0 0 0
850 18 0 0 0 0 0 0 0 0
851 114 0 0 114 0 0 0 0 0
fn=_IO_file_setbuf@@GLIBC_2.2.5
438 2 1 1 0 0 0 1 0 0
439 3 0 0 0 0 0 1 0 0
442 2 0 0 0 0 0 2 0 0
443 2 0 0 1 0 0 1 0 0
444 3 1 1 0 0 0 3 0 0
446 1 0 0 0 0 0 0 0 0
447 2 0 0 2 0 0 0 0 0
fn=_IO_file_stat
1217 1 1 1 0 0 0 0 0 0
1218 3 0 0 1 0 0 0 0 0
fn=_IO_file_sync@@GLIBC_2.2.5
856 2 1 1 0 0 0 1 0 0
861 4 0 0 2 0 0 0 0 0
863 1 1 1 1 0 0 0 0 0
864 2 0 0 1 0 0 0 0 0
881 2 0 0 0 0 0 1 0 0
885 2 0 0 2 0 0 0 0 0
fn=_IO_file_write@@GLIBC_2.2.5
1244 105 0 0 0 0 0 60 0 0
1246 105 0 0 0 0 0 0 0 0
1250 45 0 0 15 0 0 0 0 0
1251 45 1 1 15 0 0 15 0 0
1252 30 0 0 0 0 0 0 0 0
1257 15 0 0 0 0 0 0 0 0
1258 15 0 0 0 0 0 0 0 0
1261 45 0 0 15 0 0 0 0 0
1264 135 1 1 75 0 0 0 0 0
fn=_IO_file_xsputn@@GLIBC_2.2.5
491 22 0 0 11 0 0 0 0 0
498 44 1 1 22 0 0 0 0 0
506 66 1 1 22 1 0 11 0 0
507 55 0 0 11 0 0 0 0 0
509 44 0 0 11 0 0 33 0 0
510 22 0 0 0 0 0 22 0 0
511 11 0 0 0 0 0 11 0 0
512 22 1 1 11 0 0 0 0 0
513 33 0 0 11 0 0 0 0 0
1268 144 1 1 0 0 0 108 1 0
1274 36 0 0 0 0 0 0 0 0
1275 18 0 0 0 0 0 0 0 0
1281 108 0 0 18 0 0 0 0 0
1283 18 0 0 12 1 0 0 0 0
1284 12 0 0 0 0 0 0 0 0
1287 118 1 1 0 0 0 0 0 0
1289 146 0 0 48 0 0 0 0 0
1291 8 1 1 0 0 0 0 0 0
1298 72 2 2 24 0 0 0 0 0
1302 12 0 0 0 0 0 0 0 0
1307 36 0 0 0 0 0 12 0 0
1312 6 0 0 0 0 0 0 0 0
1313 18 0 0 0 0 0 0 0 0
1315 36 0 0 0 0 0 0 0 0
1319 84 1 1 28 0 0 14 0 0
1325 28 0 0 28 0 0 0 0 0
1326 51 0 0 0 0 0 0 0 0
1328 42 0 0 0 0 0 0 0 0
1331 11 0 0 0 0 0 0 0 0
1332 22 0 0 0 0 0 0 0 0
1339 28 0 0 0 0 0 0 0 0
1340 6 1 1 0 0 0 1 0 0
1342 36 0 0 0 0 0 0 0 0
1343 144 0 0 126 0 0 0 0 0
fl=/build/glibc-ryFjv0/glibc-2.21/libio/genops.c
fn=_IO_cleanup
950 13 0 0 4 0 0 0 0 0
952 9 0 0 3 0 0 0 0 0
953 4 0 0 0 0 0 0 0 0
954 2 1 1 0 0 0 0 0 0
956 4 0 0 1 0 0 0 0 0
962 17 1 1 7 0 0 2 0 0
970 5 1 1 2 1 1 0 0 0
972 2 1 1 0 0 0 1 0 0
974 2 0 0 1 0 0 1 0 0
975 1 0 0 0 0 0 1 0 0
976 2 0 0 1 0 0 1 0 0
977 3 0 0 1 0 0 1 0 0
980 5 1 1 2 0 0 1 0 0
983 6 1 1 1 0 0 0 0 0
984 8 0 0 3 0 0 1 0 0
990 3 1 1 0 0 0 3 0 0
1010 5 1 1 0 0 0 4 0 0
1013 3 0 0 0 0 0 1 0 0
1025 7 0 0 5 0 0 0 0 0
fn=_IO_default_setbuf
400 5 1 1 1 0 0 0 0 0
402 1 0 0 0 0 0 1 0 0
403 1 0 0 0 0 0 1 0 0
407 2 1 1 0 0 0 1 0 0
557 6 2 2 0 0 0 3 0 0
558 4 0 0 2 0 0 1 0 0
560 2 0 0 0 0 0 0 0 0
562 2 0 0 0 0 0 1 0 0
563 2 0 0 0 0 0 0 0 0
567 2 0 0 1 0 0 0 0 0
570 3 0 0 0 0 0 3 0 0
571 3 0 0 0 0 0 3 0 0
572 1 0 0 0 0 0 0 0 0
573 4 0 0 4 0 0 0 0 0
fn=_IO_default_xsputn
447 4200 0 0 0 0 0 3500 1 1
450 3000 0 0 0 0 0 0 0 0
451 700 1 1 0 0 0 0 0 0
455 1668 0 0 834 0 0 0 0 0
457 1197 0 0 0 0 0 0 0 0
460 798 0 0 0 0 0 0 0 0
470 1197 0 0 0 0 0 0 0 0
474 7419 0 0 0 0 0 399 0 0
475 9333 0 0 3111 0 0 3111 2 1
478 399 0 0 0 0 0 0 0 0
480 970 2 2 51 0 0 17 0 0
482 17 0 0 0 0 0 0 0 0
483 17 0 0 0 0 0 0 0 0
484 800 0 0 0 0 0 0 0 0
485 4200 0 0 4200 0 0 0 0 0
fn=_IO_doallocbuf
402 1 0 0 0 0 0 1 0 0
403 1 0 0 0 0 0 1 0 0
407 3 0 0 0 0 0 1 0 0
414 6 0 0 0 0 0 6 1 0
415 4 1 1 2 0 0 0 0 0
417 11 0 0 3 0 0 0 0 0
418 5 1 1 2 1 0 1 0 0
420 3 1 1 0 0 0 0 0 0
421 8 0 0 8 0 0 0 0 0
fn=_IO_flush_all_lockp
822 8 2 2 0 0 0 6 0 0
828 4 2 2 0 0 0 0 0 0
833 1 0 0 1 0 0 0 0 0
834 1 1 1 1 1 0 0 0 0
835 8 0 0 0 0 0 0 0 0
837 3 0 0 0 0 0 3 0 0
838 6 1 1 0 0 0 0 0 0
839 2 0 0 1 0 0 0 0 0
841 21 1 1 9 2 1 0 0 0
851 6 1 1 0 0 0 0 0 0
853 3 0 0 0 0 0 3 0 0
855 9 1 1 3 0 0 0 0 0
862 3 0 0 3 2 1 0 0 0
866 3 0 0 1 0 0 0 0 0
868 2 0 0 0 0 0 0 0 0
872 9 0 0 7 0 0 0 0 0
fn=_IO_no_init
643 1800 2 2 0 0 0 800 0 0
644 200 0 0 0 0 0 200 0 0
645 200 0 0 0 0 0 200 0 0
647 400 0 0 0 0 0 0 0 0
667 400 1 1 0 0 0 200 0 0
669 200 0 0 0 0 0 200 0 0
670 1200 0 0 1000 0 0 0 0 0
fn=_IO_old_init
610 400 0 0 0 0 0 200 0 0
611 200 0 0 0 0 0 200 0 0
612 200 0 0 0 0 0 200 0 0
613 200 0 0 0 0 0 200 0 0
614 200 0 0 0 0 0 200 0 0
615 200 1 1 0 0 0 200 0 0
616 200 0 0 0 0 0 200 0 0
617 200 0 0 0 0 0 200 0 0
618 200 0 0 0 0 0 200 0 0
619 200 0 0 0 0 0 200 0 0
620 200 0 0 0 0 0 200 0 0
622 200 0 0 0 0 0 200 0 0
623 200 0 0 0 0 0 200 0 0
624 200 0 0 0 0 0 200 0 0
625 200 0 0 0 0 0 200 0 0
626 400 1 1 0 0 0 200 0 0
631 600 0 0 200 0 0 0 0 0
632 200 0 0 200 0 0 0 0 0
fn=_IO_setb
399 1005 1 1 0 0 0 402 0 0
400 804 1 1 402 0 0 0 0 0
402 201 0 0 0 0 0 201 0 0
403 201 0 0 0 0 0 201 0 0
405 1206 0 0 0 0 0 201 0 0
408 804 0 0 603 0 0 0 0 0
fn=__overflow
241 3 1 1 1 0 0 0 0 0
243 3 0 0 2 0 0 0 0 0
fl=/build/glibc-ryFjv0/glibc-2.21/libio/ioputs.c
fn=puts
34 4 1 1 0 0 0 3 0 0
36 2 0 0 0 0 0 1 0 0
37 19 2 2 11 4 0 1 0 0
39 2 1 1 0 0 0 0 0 0
40 3 0 0 1 0 0 0 0 0
41 6 1 1 2 1 0 1 0 0
42 8 1 1 3 0 0 1 0 0
43 4 0 0 0 0 0 0 0 0
47 5 0 0 4 0 0 0 0 0
fl=/build/glibc-ryFjv0/glibc-2.21/libio/libioP.h
fn=puts
891 2 1 1 1 0 0 0 0 0
892 8 0 0 4 0 0 1 0 0
fl=/build/glibc-ryFjv0/glibc-2.21/libio/strops.c
fn=_IO_str_init_static_internal
39 1600 1 1 0 0 0 800 0 0
43 400 0 0 0 0 0 0 0 0
45 200 1 1 0 0 0 0 0 0
46 800 0 0 0 0 0 0 0 0
49 1000 1 1 0 0 0 200 0 0
51 200 0 0 0 0 0 200 0 0
52 200 0 0 0 0 0 200 0 0
53 200 0 0 0 0 0 200 0 0
54 400 0 0 0 0 0 0 0 0
56 200 0 0 0 0 0 200 0 0
57 200 0 0 0 0 0 200 0 0
58 200 0 0 0 0 0 200 0 0
67 200 0 0 0 0 0 200 0 0
68 1200 0 0 1000 0 0 0 0 0
fl=/build/glibc-ryFjv0/glibc-2.21/malloc/arena.c
fn=malloc_hook_ini
358 4 1 1 1 1 1 0 0 0
fn=ptmalloc_init.part.7
319 210 0 0 70 10 0 0 0 0
321 138 0 0 69 33 0 0 0 0
322 2 0 0 1 0 0 0 0 0
323 2 0 0 1 0 0 0 0 0
337 69 0 0 0 0 0 0 0 0
356 6 1 1 0 0 0 5 0 0
361 1 0 0 0 0 0 1 0 0
369 2 0 0 1 0 0 0 0 0
370 7 2 2 0 0 0 1 0 0
371 4 0 0 2 1 0 0 0 0
376 3 1 1 1 1 0 1 1 0
377 12 1 1 1 1 0 6 2 2
379 5 0 0 2 2 0 0 0 0
395 2 1 1 0 0 0 0 0 0
440 2 1 1 0 0 0 0 0 0
446 2 0 0 2 1 1 0 0 0
447 2 0 0 0 0 0 0 0 0
449 1 0 0 0 0 0 1 1 0
450 7 0 0 6 1 0 0 0 0
fl=/build/glibc-ryFjv0/glibc-2.21/malloc/hooks.c
fn=malloc_hook_ini
29 4 1 1 0 0 0 2 0 0
30 2 0 0 1 0 0 1 0 0
33 6 1 1 4 1 0 1 0 0
fl=/build/glibc-ryFjv0/glibc-2.21/malloc/malloc.c
fn=_int_free
1870 1515 0 0 505 0 0 0 0 0
3808 4545 2 2 0 0 0 3535 0 0
3821 1515 0 0 505 0 0 0 0 0
3827 2020 0 0 0 0 0 0 0 0
3828 1010 0 0 0 0 0 0 0 0
3839 2020 0 0 0 0 0 0 0 0
3852 1515 1 1 505 0 0 0 0 0
3863 2020 0 0 505 0 0 0 0 0
3864 1515 0 0 505 0 0 0 0 0
3888 505 0 0 0 0 0 0 0 0
3890 1515 1 1 1010 0 0 0 0 0
3891 1515 0 0 0 0 0 0 0 0
3892 505 0 0 0 0 0 0 0 0
3895 505 0 0 505 0 0 0 0 0
3901 3535 0 0 505 0 0 0 0 0
3910 2012 1 1 0 0 0 0 0 0
3912 505 0 0 0 0 0 505 0 0
3914 3030 0 0 1010 0 0 0 0 0
3916 4032 1 1 0 0 0 0 0 0
4072 4040 1 1 3535 0 0 0 0 0
fn=_int_malloc
1863 1515 0 0 505 0 0 0 0 0
2272 6 1 1 2 2 0 3 0 0
2273 2 0 0 0 0 0 0 0 0
2283 2 0 0 1 1 1 0 0 0
2361 2 0 0 0 0 0 1 0 0
2370 7 2 2 1 0 0 1 0 0
2379 3 0 0 0 0 0 0 0 0
2434 2 0 0 1 0 0 0 0 0
2442 2 1 1 1 0 0 0 0 0
2453 9 1 1 2 0 0 1 0 0
2461 2 0 0 0 0 0 0 0 0
2463 4 1 1 3 1 0 1 0 0
2464 1 0 0 0 0 0 0 0 0
2467 2 0 0 0 0 0 0 0 0
2470 2 0 0 2 0 0 0 0 0
2471 2 0 0 0 0 0 0 0 0
2490 1 0 0 0 0 0 0 0 0
2494 2 0 0 1 0 0 0 0 0
2517 2 0 0 1 1 0 0 0 0
2518 1 0 0 0 0 0 1 0 0
2519 3 1 1 1 0 0 1 0 0
2525 2 0 0 1 0 0 0 0 0
2528 6 2 2 3 0 0 0 0 0
2570 6 1 1 0 0 0 1 0 0
2589 1 0 0 1 0 0 0 0 0
2592 3 1 1 0 0 0 0 0 0
2593 4 0 0 1 0 0 0 0 0
2595 2 0 0 0 0 0 0 0 0
2596 4 0 0 2 0 0 1 0 0
2608 2 0 0 0 0 0 0 0 0
2616 3 1 1 3 0 0 0 0 0
2617 2 0 0 0 0 0 0 0 0
2655 2 0 0 1 0 0 1 0 0
2656 5 1 1 0 0 0 1 1 1
2657 2 0 0 0 0 0 1 0 0
2668 2 0 0 1 0 0 0 0 0
2701 2 1 1 1 0 0 0 0 0
2702 1 0 0 0 0 0 1 0 0
2707 2 0 0 1 0 0 0 0 0
2710 2 0 0 1 0 0 0 0 0
2712 1 0 0 0 0 0 0 0 0
2713 1 0 0 0 0 0 0 0 0
2714 1 0 0 0 0 0 1 0 0
2715 8 1 1 0 0 0 1 0 0
2716 2 0 0 0 0 0 1 0 0
2718 1 0 0 0 0 0 0 0 0
3296 3535 2 2 0 0 0 3030 0 0
3326 5544 1 1 0 0 0 1006 1 0
3334 2522 0 0 505 1 1 0 0 0
3337 504 1 1 0 0 0 0 0 0
3338 1008 0 0 504 0 0 0 0 0
3342 1008 0 0 0 0 0 0 0 0
3345 24 0 0 12 0 0 0 0 0
3346 12 0 0 0 0 0 0 0 0
3349 20 1 1 4 0 0 0 0 0
3371 2505 1 1 0 0 0 0 0 0
3374 501 1 1 0 0 0 0 0 0
3376 1503 0 0 501 1 1 0 0 0
3378 2 0 0 0 0 0 0 0 0
3417 2 1 1 0 0 0 1 1 0
3436 2505 1 1 501 0 0 0 0 0
3570 1002 1 1 0 0 0 0 0 0
3643 1002 0 0 501 0 0 0 0 0
3644 1002 1 1 0 0 0 0 0 0
3645 1002 0 0 0 0 0 0 0 0
3646 1002 0 0 501 0 0 0 0 0
3647 1002 0 0 0 0 0 0 0 0
3652 3006 0 0 0 0 0 0 0 0
3656 5511 0 0 0 0 0 0 0 0
3659 6012 1 1 1503 0 0 0 0 0
3737 4 0 0 0 0 0 0 0 0
3759 502 1 1 501 0 0 0 0 0
3760 1504 1 1 501 0 0 1 0 0
3762 1503 0 0 0 0 0 0 0 0
3764 500 0 0 0 0 0 0 0 0
3765 500 1 1 0 0 0 0 0 0
3766 500 0 0 0 0 0 500 0 0
3767 4000 1 1 0 0 0 500 0 0
3769 1000 0 0 0 0 0 500 275 275
3772 500 0 0 0 0 0 0 0 0
3779 2 0 0 1 0 0 0 0 0
3784 1503 0 0 0 0 0 501 0 0
3786 15030 2 2 0 0 0 5511 0 0
3795 2 0 0 0 0 0 0 0 0
3800 4545 1 1 3535 0 0 0 0 0
4959 1503 0 0 0 0 0 1002 0 0
fn=calloc
3155 525 1 1 0 0 0 420 0 0
3165 210 0 0 0 0 0 0 0 0
3168 210 0 0 0 0 0 0 0 0
3170 315 0 0 0 0 0 0 0 0
3178 210 1 1 210 1 0 0 0 0
3179 210 0 0 0 0 0 0 0 0
3182 3 1 1 1 0 0 1 0 0
3183 2 0 0 0 0 0 0 0 0
3186 3 0 0 0 0 0 0 0 0
3191 1040 1 1 416 0 0 0 0 0
3198 104 0 0 104 0 0 0 0 0
3199 208 0 0 104 0 0 0 0 0
3206 312 0 0 0 0 0 0 0 0
3213 416 1 1 0 0 0 104 0 0
3216 1040 1 1 104 0 0 0 0 0
3232 416 1 1 208 0 0 0 0 0
3233 104 0 0 0 0 0 0 0 0
3236 312 0 0 104 0 0 0 0 0
3244 104 0 0 0 0 0 0 0 0
3247 720 1 1 104 0 0 0 0 0
3258 104 0 0 0 0 0 0 0 0
3259 208 0 0 0 0 0 0 0 0
3260 208 0 0 0 0 0 0 0 0
3262 208 0 0 0 0 0 0 0 0
3263 1 0 0 0 0 0 0 0 0
3267 104 0 0 0 0 0 104 0 0
3268 104 0 0 0 0 0 104 0 0
3269 208 0 0 0 0 0 104 0 0
3270 208 1 1 0 0 0 0 0 0
3272 103 0 0 0 0 0 103 0 0
3273 103 0 0 0 0 0 103 0 0
3274 206 0 0 0 0 0 0 0 0
3288 629 1 1 524 1 0 0 0 0
fn=free
2916 2525 1 1 0 0 0 2020 0 0
2921 1010 1 1 1010 0 0 0 0 0
2922 1010 0 0 0 0 0 0 0 0
2928 1010 0 0 0 0 0 0 0 0
2931 505 0 0 0 0 0 0 0 0
2933 1515 0 0 505 0 0 0 0 0
2949 1515 0 0 0 0 0 0 0 0
2950 1010 0 0 0 0 0 505 0 0
2951 3030 1 1 2525 0 0 0 0 0
fn=malloc
2880 1200 1 1 0 0 0 800 0 0
2885 800 0 0 800 0 0 0 0 0
2886 800 0 0 0 0 0 0 0 0
2889 1200 0 0 800 0 0 0 0 0
2891 3200 1 1 800 0 0 0 0 0
2895 1600 0 0 0 0 0 400 0 0
2896 800 0 0 0 0 0 0 0 0
2907 1600 1 1 800 0 0 0 0 0
2908 3600 1 1 400 0 0 0 0 0
2911 1600 0 0 1200 0 0 0 0 0
fn=malloc_consolidate
1786 254 1 1 0 0 0 0 0 0
1789 381 0 0 0 0 0 254 32 31
1793 3 0 0 0 0 0 0 0 0
1797 3 1 1 1 0 0 1 0 0
1798 3 0 0 1 0 0 1 0 0
1800 1 0 0 0 0 0 1 0 0
4111 2 1 1 1 0 0 0 0 0
4953 4 1 1 0 0 0 0 0 0
fn=malloc_hook_ini
2886 2 0 0 0 0 0 0 0 0
2889 2 0 0 2 0 0 0 0 0
2891 8 1 1 2 1 1 0 0 0
2895 4 0 0 0 0 0 1 0 0
2896 2 0 0 0 0 0 0 0 0
2907 4 1 1 2 0 0 0 0 0
2908 9 0 0 1 0 0 0 0 0
fl=/build/glibc-ryFjv0/glibc-2.21/malloc/morecore.c
fn=__default_morecore
46 2 1 1 0 0 0 0 0 0
47 2 0 0 0 0 0 2 0 0
48 6 0 0 0 0 0 0 0 0
52 4 0 0 2 0 0 0 0 0
fl=/build/glibc-ryFjv0/glibc-2.21/misc/../sysdeps/unix/syscall-template.S
fn=mmap
81 50 2 2 0 0 0 0 0 0
82 10 0 0 10 0 0 0 0 0
fn=mprotect
81 24 1 1 0 0 0 0 0 0
82 6 0 0 6 0 0 0 0 0
fn=munmap
81 4 0 0 0 0 0 0 0 0
82 1 0 0 1 0 0 0 0 0
fl=/build/glibc-ryFjv0/glibc-2.21/misc/../sysdeps/unix/sysv/linux/x86_64/brk.c
fn=brk
28 2 0 0 0 0 0 0 0 0
31 16 1 1 2 0 0 2 0 0
33 4 0 0 0 0 0 0 0 0
39 2 0 0 0 0 0 0 0 0
40 2 0 0 2 0 0 0 0 0
fl=/build/glibc-ryFjv0/glibc-2.21/misc/init-misc.c
fn=__init_misc
30 3 0 0 0 0 0 2 0 0
31 6 1 1 1 0 0 0 0 0
33 3 0 0 0 0 0 1 0 0
37 5 1 1 1 1 0 1 1 0
38 3 0 0 2 0 0 1 0 0
40 4 0 0 3 0 0 0 0 0
fl=/build/glibc-ryFjv0/glibc-2.21/misc/sbrk.c
fn=sbrk
34 8 1 1 0 0 0 6 0 0
42 11 1 1 5 2 0 0 0 0
43 6 1 1 1 0 0 1 0 0
46 4 0 0 0 0 0 0 0 0
50 4 0 0 0 0 0 0 0 0
53 3 0 0 0 0 0 1 0 0
57 10 0 0 8 0 0 0 0 0
fl=/build/glibc-ryFjv0/glibc-2.21/nptl/register-atfork.c
fn=__linkin_atfork
118 2 1 1 1 1 0 1 0 0
119 6 0 0 2 1 0 0 0 0
121 1 0 0 1 0 0 0 0 0
fl=/build/glibc-ryFjv0/glibc-2.21/nptl/unregister-atfork.c
fn=__unregister_atfork
28 2 0 0 0 0 0 1 0 0
36 1 1 1 1 0 0 0 0 0
39 4 0 0 0 0 0 0 0 0
40 3 0 0 1 0 0 0 0 0
45 1 0 0 1 1 0 0 0 0
121 2 0 0 2 0 0 0 0 0
fl=/build/glibc-ryFjv0/glibc-2.21/posix/../sysdeps/unix/syscall-template.S
fn=uname
81 4 1 1 0 0 0 0 0 0
82 1 0 0 1 0 0 0 0 0
fl=/build/glibc-ryFjv0/glibc-2.21/posix/../sysdeps/unix/sysv/linux/_exit.c
fn=_Exit
28 2 1 1 1 0 0 0 0 0
32 4 0 0 0 0 0 0 0 0
34 2 0 0 0 0 0 0 0 0
fl=/build/glibc-ryFjv0/glibc-2.21/setjmp/../sysdeps/x86_64/bsd-_setjmp.S
fn=_setjmp
30 1 1 1 0 0 0 0 0 0
32 1 0 0 0 0 0 0 0 0
fl=/build/glibc-ryFjv0/glibc-2.21/setjmp/../sysdeps/x86_64/setjmp.S
fn=__sigsetjmp
26 4 2 2 0 0 0 4 0 0
35 4 0 0 0 0 0 0 0 0
36 8 1 1 4 0 0 0 0 0
37 4 0 0 0 0 0 4 0 0
41 4 0 0 0 0 0 4 0 0
42 4 0 0 0 0 0 4 0 0
43 4 0 0 0 0 0 4 0 0
44 4 0 0 0 0 0 4 0 0
45 4 0 0 0 0 0 0 0 0
47 8 1 1 4 0 0 0 0 0
49 4 0 0 0 0 0 4 0 0
50 4 0 0 4 0 0 0 0 0
51 4 0 0 0 0 0 0 0 0
53 8 0 0 4 0 0 0 0 0
55 4 0 0 0 0 0 4 1 1
59 3 0 0 0 0 0 0 0 0
60 3 0 0 3 0 0 0 0 0
64 1 0 0 0 0 0 0 0 0
fl=/build/glibc-ryFjv0/glibc-2.21/setjmp/sigjmp.c
fn=__sigjmp_save
28 2 0 0 0 0 0 1 0 0
29 4 0 0 0 0 0 1 0 0
34 3 0 0 2 0 0 0 0 0
fl=/build/glibc-ryFjv0/glibc-2.21/stdio-common/_itoa.c
fn=_itoa_word
168 848 1 1 0 0 0 0 0 0
170 424 0 0 0 0 0 0 0 0
179 23620 2 2 1933 2 1 1933 3 2
188 424 0 0 212 0 0 0 0 0
fl=/build/glibc-ryFjv0/glibc-2.21/stdio-common/printf-parse.h
fn=vfprintf
108 1590 0 0 0 0 0 672 5 3
fl=/build/glibc-ryFjv0/glibc-2.21/stdio-common/vfprintf.c
fn=buffered_vfprintf
2315 55 1 1 0 0 0 44 2 0
2323 66 1 1 11 0 0 0 0 0
2327 22 0 0 0 0 0 11 2 1
2333 55 1 1 0 0 0 33 2 1
2334 11 0 0 0 0 0 11 2 1
2336 11 0 0 0 0 0 11 2 1
2341 11 1 1 0 0 0 11 2 1
2343 22 0 0 11 0 0 11 0 0
2344 22 0 0 0 0 0 11 0 0
2348 33 0 0 0 0 0 11 3 2
2354 66 1 1 22 2 0 22 0 0
2355 88 1 1 55 0 0 0 0 0
2367 55 1 1 22 0 0 0 0 0
2369 44 0 0 22 1 0 11 0 0
2370 33 0 0 0 0 0 0 0 0
2375 55 1 1 33 0 0 0 0 0
2376 22 0 0 0 0 0 0 0 0
2378 11 0 0 0 0 0 0 0 0
2379 66 0 0 55 0 0 0 0 0
fn=vfprintf
222 1792 1 1 0 0 0 1344 1 0
227 426 0 0 0 0 0 426 0 0
257 672 1 1 448 1 0 224 7 2
261 213 1 1 0 0 0 213 2 1
264 213 0 0 0 0 0 213 1 1
270 213 0 0 0 0 0 213 0 0
1278 1118 0 0 224 2 0 2 0 0
1282 1120 0 0 224 0 0 0 0 0
1293 1120 1 1 0 0 0 0 0 0
1296 11 0 0 0 0 0 11 2 0
1300 213 0 0 0 0 0 213 0 0
1304 1278 0 0 639 0 0 639 4 2
1308 213 0 0 0 0 0 213 0 0
1315 213 0 0 0 0 0 213 4 2
1319 653 2 2 4 1 1 219 0 0
1320 12 2 2 8 0 0 0 0 0
1323 2769 1 1 639 4 0 639 0 0
1327 639 1 1 426 0 0 0 0 0
1331 1278 1 1 639 3 0 0 0 0
1358 246 0 0 0 0 0 246 4 2
1359 246 1 1 0 0 0 246 1 1
1360 246 0 0 0 0 0 246 0 0
1361 246 0 0 0 0 0 246 0 0
1362 246 0 0 0 0 0 246 4 2
1363 246 0 0 0 0 0 246 0 0
1364 246 0 0 0 0 0 246 0 0
1365 246 1 1 0 0 0 246 0 0
1366 246 0 0 0 0 0 246 0 0
1367 246 0 0 0 0 0 246 0 0
1368 246 0 0 0 0 0 246 0 0
1371 246 0 0 0 0 0 246 0 0
1372 246 0 0 0 0 0 246 0 0
1375 246 0 0 0 0 0 0 0 0
1376 492 0 0 0 0 0 246 0 0
1379 4182 1 1 1230 6 3 492 0 0
1540 738 1 1 0 0 0 246 0 0
1561 492 1 1 0 0 0 246 0 0
1641 27136 25 25 10388 0 0 3604 0 0
1642 2238 8 8 1014 6 2 204 0 0
1659 66 0 0 33 0 0 0 0 0
1661 492 1 1 0 0 0 0 0 0
1663 246 0 0 0 0 0 0 0 0
1669 984 1 1 246 0 0 492 0 0
1673 4674 1 1 1476 0 0 246 0 0
1675 492 0 0 246 0 0 0 0 0
2036 213 1 1 0 0 0 0 0 0
2083 426 1 1 213 0 0 0 0 0
2085 639 1 1 213 0 0 0 0 0
2087 426 0 0 0 0 0 0 0 0
2090 432 1 1 217 0 0 0 0 0
2091 639 0 0 213 0 0 0 0 0
2093 213 0 0 213 0 0 0 0 0
2094 1792 0 0 1568 0 0 0 0 0
fl=/build/glibc-ryFjv0/glibc-2.21/stdlib/cxa_atexit.c
fn=__cxa_atexit
35 2 1 1 0 0 0 1 0 0
37 2 0 0 0 0 0 0 0 0
41 3 0 0 1 0 0 0 0 0
43 1 0 0 0 0 0 1 0 0
44 1 0 0 0 0 0 1 0 0
45 1 0 0 0 0 0 1 0 0
47 1 0 0 0 0 0 1 0 0
48 1 0 0 0 0 0 0 0 0
57 6 1 1 0 0 0 3 0 0
59 4 0 0 4 0 0 0 0 0
fn=__new_exitfn
73 4 1 1 0 0 0 2 0 0
79 6 1 1 2 2 2 0 0 0
81 10 2 2 2 1 0 0 0 0
83 3 1 1 1 1 0 0 0 0
91 2 0 0 0 0 0 1 0 0
112 1 1 1 0 0 0 0 0 0
113 2 0 0 0 0 0 1 0 0
126 1 1 1 0 0 0 1 0 0
127 1 0 0 1 1 1 0 0 0
130 4 0 0 2 0 0 0 0 0
133 5 0 0 3 0 0 0 0 0
fl=/build/glibc-ryFjv0/glibc-2.21/stdlib/cxa_finalize.c
fn=__cxa_finalize
31 8 1 1 0 0 0 6 0 0
35 7 1 1 2 0 0 0 0 0
39 6 0 0 1 0 0 0 0 0
48 1 0 0 0 0 0 0 0 0
67 7 2 2 2 0 0 0 0 0
71 6 0 0 1 1 1 0 0 0
79 2 0 0 0 0 0 0 0 0
80 2 0 0 0 0 0 0 0 0
82 7 0 0 6 0 0 0 0 0
fl=/build/glibc-ryFjv0/glibc-2.21/stdlib/cxa_thread_atexit_impl.c
fn=__call_tls_dtors
82 3 1 1 0 0 0 3 0 0
83 5 1 1 1 0 0 1 0 0
101 4 1 1 4 0 0 0 0 0
fl=/build/glibc-ryFjv0/glibc-2.21/stdlib/exit.c
fn=__run_exit_handlers
35 8 1 1 0 0 0 4 0 0
40 2 0 0 1 1 0 1 0 0
46 8 0 0 2 1 0 0 0 0
50 6 0 0 0 0 0 0 0 0
52 1 0 0 0 0 0 1 0 0
53 1 0 0 0 0 0 0 0 0
54 5 1 1 1 0 0 0 0 0
78 2 1 1 0 0 0 0 0 0
80 3 0 0 2 0 0 0 0 0
82 3 0 0 1 0 0 1 0 0
83 1 0 0 0 0 0 0 0 0
87 2 0 0 1 0 0 1 0 0
88 2 0 0 0 0 0 0 0 0
94 2 0 0 0 0 0 0 0 0
95 8 1 1 1 1 0 1 0 0
97 2 0 0 0 0 0 1 0 0
fn=exit
103 1 0 0 0 0 0 0 0 0
104 3 2 2 0 0 0 1 0 0
fl=/build/glibc-ryFjv0/glibc-2.21/stdlib/rand.c
fn=rand
26 100 1 1 0 0 0 0 0 0
27 100 0 0 0 0 0 100 0 0
28 200 0 0 100 0 0 0 0 0
fl=/build/glibc-ryFjv0/glibc-2.21/stdlib/random.c
fn=random
293 100 1 1 0 0 0 0 0 0
296 600 1 1 200 0 0 0 0 0
298 300 1 1 0 0 0 100 0 0
300 400 0 0 200 0 0 0 0 0
302 100 0 0 100 0 0 0 0 0
303 200 1 1 100 0 0 0 0 0
fn=srand
210 2 1 1 0 0 0 0 0 0
211 6 0 0 2 1 1 0 0 0
212 3 1 1 0 0 0 1 0 0
213 4 0 0 2 0 0 0 0 0
214 2 1 1 1 0 0 0 0 0
fl=/build/glibc-ryFjv0/glibc-2.21/stdlib/random_r.c
fn=random_r
366 1640 1 1 0 0 0 0 0 0
369 1217 2 2 410 0 0 0 0 0
371 1230 0 0 410 0 0 0 0 0
380 410 0 0 410 0 0 0 0 0
381 410 0 0 410 0 0 0 0 0
382 410 0 0 410 0 0 0 0 0
385 1230 0 0 820 0 0 410 0 0
387 820 0 0 0 0 0 410 0 0
388 410 0 0 0 0 0 0 0 0
389 820 0 0 0 0 0 0 0 0
392 410 0 0 0 0 0 0 0 0
400 410 0 0 0 0 0 410 0 0
401 807 0 0 397 0 0 410 0 0
403 423 0 0 13 0 0 0 0 0
fn=srandom_r
164 4 1 1 0 0 0 3 0 0
172 2 1 1 0 0 0 0 0 0
174 1 0 0 1 1 0 0 0 0
175 2 0 0 0 0 0 0 0 0
178 1 0 0 1 0 0 0 0 0
180 3 0 0 0 0 0 0 0 0
182 1 0 0 0 0 0 1 1 1
183 2 0 0 0 0 0 0 0 0
188 2 0 0 1 0 0 0 0 0
189 94 0 0 0 0 0 0 0 0
194 211 0 0 0 0 0 0 0 0
195 60 0 0 0 0 0 0 0 0
196 90 1 1 0 0 0 0 0 0
198 90 0 0 0 0 0 0 0 0
199 30 0 0 0 0 0 30 1 1
202 4 0 0 1 0 0 1 0 0
203 2 0 0 0 0 0 1 0 0
204 1 0 0 0 0 0 0 0 0
205 934 1 1 0 0 0 0 0 0
208 930 0 0 0 0 0 310 0 0
212 1 0 0 0 0 0 0 0 0
216 5 0 0 4 0 0 0 0 0
fl=/build/glibc-ryFjv0/glibc-2.21/string/../bits/stdlib-bsearch.h
fn=intel_check_word
27 8 0 0 0 0 0 0 0 0
28 16 0 0 0 0 0 0 0 0
29 110 0 0 0 0 0 0 0 0
31 154 1 1 0 0 0 0 0 0
32 54 0 0 0 0 0 0 0 0
37 8 0 0 0 0 0 0 0 0
fl=/build/glibc-ryFjv0/glibc-2.21/string/../string/memcmp.c
fn=bcmp
105 10 1 1 10 0 0 0 0 0
106 20 0 0 10 0 0 0 0 0
110 22 0 0 0 0 0 0 0 0
111 4 0 0 0 0 0 0 0 0
129 14 1 1 0 0 0 0 0 0
133 2 1 1 2 1 1 0 0 0
134 2 0 0 2 0 0 0 0 0
135 2 0 0 0 0 0 0 0 0
136 2 0 0 0 0 0 0 0 0
137 2 0 0 0 0 0 0 0 0
183 2 0 0 2 0 0 0 0 0
184 2 0 0 2 0 0 0 0 0
185 16 0 0 0 0 0 4 1 1
221 2 0 0 0 0 0 0 0 0
222 4 0 0 0 0 0 0 0 0
226 4 0 0 0 0 0 0 0 0
228 14 1 1 0 0 0 0 0 0
232 2 0 0 2 0 0 0 0 0
233 2 0 0 2 0 0 0 0 0
234 2 0 0 2 0 0 0 0 0
235 2 0 0 0 0 0 0 0 0
236 2 0 0 0 0 0 0 0 0
237 2 0 0 0 0 0 0 0 0
289 2 0 0 2 1 1 0 0 0
290 2 0 0 2 0 0 0 0 0
291 12 1 1 0 0 0 0 0 0
292 4 0 0 0 0 0 0 0 0
299 4 2 2 0 0 0 0 0 0
304 10 2 2 0 0 0 0 0 0
305 4 0 0 0 0 0 0 0 0
315 84 2 2 0 0 0 72 1 1
318 12 0 0 0 0 0 0 0 0
319 12 0 0 0 0 0 0 0 0
322 24 0 0 0 0 0 0 0 0
326 24 0 0 0 0 0 0 0 0
328 4 0 0 4 1 1 0 0 0
329 4 0 0 4 0 0 0 0 0
330 4 0 0 0 0 0 0 0 0
331 4 0 0 0 0 0 0 0 0
333 8 0 0 0 0 0 0 0 0
335 4 0 0 0 0 0 0 0 0
342 12 1 1 0 0 0 0 0 0
343 4 0 0 0 0 0 0 0 0
345 4 0 0 0 0 0 0 0 0
346 4 0 0 0 0 0 0 0 0
350 6 0 0 0 0 0 0 0 0
351 2 0 0 0 0 0 0 0 0
352 2 0 0 0 0 0 0 0 0
356 130 1 1 0 0 0 0 0 0
358 57 0 0 57 2 2 0 0 0
359 57 0 0 57 4 4 0 0 0
360 57 1 1 0 0 0 0 0 0
363 240 0 0 0 0 0 0 0 0
364 4 0 0 0 0 0 0 0 0
368 8 0 0 0 0 0 0 0 0
369 96 1 1 84 0 0 0 0 0
fl=/build/glibc-ryFjv0/glibc-2.21/string/../sysdeps/x86_64/memcpy.S
fn=__GI_mempcpy
61 6 1 1 0 0 0 0 0 0
65 6 0 0 0 0 0 0 0 0
68 6 0 0 0 0 0 0 0 0
69 6 0 0 0 0 0 0 0 0
71 3 0 0 3 0 0 0 0 0
72 3 0 0 0 0 0 3 0 0
74 3 0 0 0 0 0 0 0 0
75 3 0 0 0 0 0 0 0 0
80 6 0 0 0 0 0 0 0 0
81 6 0 0 0 0 0 0 0 0
83 3 0 0 3 0 0 0 0 0
84 3 0 0 0 0 0 3 0 0
86 3 0 0 0 0 0 0 0 0
87 3 0 0 0 0 0 0 0 0
92 6 0 0 0 0 0 0 0 0
93 6 0 0 0 0 0 0 0 0
104 6 0 0 0 0 0 0 0 0
105 6 0 0 0 0 0 0 0 0
107 1 0 0 1 0 0 0 0 0
108 1 0 0 0 0 0 1 0 0
110 1 0 0 0 0 0 0 0 0
111 2 0 0 0 0 0 0 0 0
116 6 1 1 0 0 0 0 0 0
117 8 0 0 0 0 0 0 0 0
122 2 0 0 2 0 0 0 0 0
123 2 0 0 2 0 0 0 0 0
124 2 0 0 0 0 0 2 1 0
125 2 0 0 0 0 0 2 0 0
127 2 0 0 0 0 0 0 0 0
129 2 0 0 0 0 0 0 0 0
130 2 0 0 0 0 0 0 0 0
132 2 0 0 0 0 0 0 0 0
138 6 0 0 0 0 0 0 0 0
142 6 0 0 6 0 0 0 0 0
fn=mempcpy
61 5 1 1 0 0 0 0 0 0
65 5 0 0 0 0 0 0 0 0
68 4 0 0 0 0 0 0 0 0
69 4 0 0 0 0 0 0 0 0
71 1 0 0 1 1 1 0 0 0
72 1 0 0 0 0 0 1 1 1
74 1 0 0 0 0 0 0 0 0
75 1 0 0 0 0 0 0 0 0
80 4 0 0 0 0 0 0 0 0
81 4 0 0 0 0 0 0 0 0
83 3 0 0 3 0 0 0 0 0
84 3 0 0 0 0 0 3 1 1
86 3 0 0 0 0 0 0 0 0
87 3 0 0 0 0 0 0 0 0
92 4 0 0 0 0 0 0 0 0
93 4 0 0 0 0 0 0 0 0
95 2 0 0 2 0 0 0 0 0
96 2 0 0 0 0 0 2 0 0
98 2 0 0 0 0 0 0 0 0
99 2 0 0 0 0 0 0 0 0
104 4 0 0 0 0 0 0 0 0
105 4 0 0 0 0 0 0 0 0
116 4 1 1 0 0 0 0 0 0
117 6 0 0 0 0 0 0 0 0
122 2 0 0 2 0 0 0 0 0
123 2 0 0 2 0 0 0 0 0
124 2 0 0 0 0 0 2 1 1
125 2 0 0 0 0 0 2 0 0
127 2 0 0 0 0 0 0 0 0
129 2 0 0 0 0 0 0 0 0
130 2 0 0 0 0 0 0 0 0
132 2 0 0 0 0 0 0 0 0
138 4 0 0 0 0 0 0 0 0
142 4 0 0 4 0 0 0 0 0
154 2 1 1 0 0 0 0 0 0
156 2 0 0 0 0 0 0 0 0
157 2 0 0 0 0 0 0 0 0
183 2 0 0 0 0 0 0 0 0
184 2 0 0 0 0 0 0 0 0
187 2 0 0 0 0 0 0 0 0
188 2 0 0 0 0 0 0 0 0
189 2 0 0 0 0 0 0 0 0
194 2 1 1 0 0 0 0 0 0
196 2 0 0 2 0 0 0 0 0
197 2 0 0 2 0 0 0 0 0
198 2 0 0 2 0 0 0 0 0
199 2 0 0 2 0 0 0 0 0
201 2 0 0 0 0 0 2 0 0
202 2 0 0 0 0 0 2 0 0
203 2 0 0 0 0 0 2 0 0
204 2 0 0 0 0 0 2 0 0
206 2 0 0 0 0 0 0 0 0
207 2 0 0 0 0 0 0 0 0
209 2 0 0 0 0 0 0 0 0
231 2 1 1 0 0 0 0 0 0
233 2 0 0 0 0 0 0 0 0
235 1 0 0 0 0 0 0 0 0
242 1 0 0 1 0 0 0 0 0
fl=/build/glibc-ryFjv0/glibc-2.21/string/../sysdeps/x86_64/multiarch/../cacheinfo.c
fn=handle_intel
303 16 0 0 0 0 0 12 0 0
304 4 1 1 0 0 0 0 0 0
315 6 0 0 0 0 0 2 0 0
317 2 0 0 0 0 0 2 0 0
318 4 0 0 0 0 0 2 0 0
320 2 0 0 0 0 0 0 0 0
326 8 1 1 0 0 0 2 0 0
331 4 0 0 0 0 0 0 0 0
333 6 1 1 0 0 0 2 0 0
334 2 0 0 0 0 0 0 0 0
338 10 1 1 0 0 0 2 0 0
339 4 0 0 0 0 0 0 0 0
342 10 0 0 0 0 0 2 0 0
343 4 0 0 0 0 0 0 0 0
360 16 0 0 14 0 0 0 0 0
fn=init_cacheinfo
548 3 0 0 0 0 0 3 0 0
561 3 1 1 1 0 0 0 0 0
568 2 0 0 0 0 0 0 0 0
570 4 0 0 1 0 0 1 0 0
573 1 0 0 0 0 0 0 0 0
574 4 1 1 1 0 0 1 0 0
576 2 0 0 0 0 0 0 0 0
587 1 0 0 1 0 0 0 0 0
605 4 0 0 1 0 0 0 0 0
612 22 1 1 0 0 0 0 0 0
618 8 0 0 0 0 0 0 0 0
621 16 0 0 0 0 0 0 0 0
623 1 1 1 0 0 0 0 0 0
629 5 0 0 0 0 0 0 0 0
636 11 0 0 0 0 0 0 0 0
638 2 0 0 0 0 0 0 0 0
640 8 1 1 0 0 0 0 0 0
642 4 0 0 0 0 0 0 0 0
647 1 0 0 0 0 0 0 0 0
649 5 0 0 0 0 0 0 0 0
650 2 0 0 0 0 0 0 0 0
655 2 0 0 0 0 0 0 0 0
667 4 0 0 0 0 0 0 0 0
668 4 0 0 0 0 0 0 0 0
742 2 1 1 0 0 0 0 0 0
744 3 0 0 0 0 0 1 0 0
745 1 0 0 0 0 0 1 1 1
747 1 0 0 0 0 0 0 0 0
748 3 0 0 0 0 0 1 0 0
749 1 0 0 0 0 0 1 0 0
752 2 0 0 0 0 0 0 0 0
754 3 0 0 0 0 0 1 0 0
755 1 0 0 0 0 0 1 1 1
757 1 1 1 0 0 0 0 0 0
758 3 0 0 0 0 0 1 0 0
759 1 0 0 0 0 0 1 0 0
761 4 0 0 4 0 0 0 0 0
fn=intel_check_word
150 108 0 0 54 6 6 0 0 0
153 54 0 0 0 0 0 0 0 0
161 24 1 1 0 0 0 16 1 0
162 8 1 1 0 0 0 0 0 0
164 2 0 0 0 0 0 0 0 0
168 28 0 0 0 0 0 0 0 0
170 32 1 1 0 0 0 0 0 0
172 10 0 0 0 0 0 0 0 0
174 20 0 0 0 0 0 0 0 0
182 20 1 1 0 0 0 0 0 0
194 17 2 2 0 0 0 0 0 0
197 15 0 0 0 0 0 0 0 0
201 10 1 1 0 0 0 0 0 0
203 20 0 0 0 0 0 0 0 0
204 16 0 0 0 0 0 0 0 0
205 8 0 0 0 0 0 0 0 0
206 13 0 0 0 0 0 0 0 0
207 10 0 0 0 0 0 0 0 0
208 10 0 0 0 0 0 0 0 0
209 6 0 0 0 0 0 0 0 0
211 2 1 1 0 0 0 0 0 0
213 4 0 0 0 0 0 0 0 0
215 10 1 1 0 0 0 0 0 0
216 10 0 0 0 0 0 0 0 0
217 8 1 1 0 0 0 0 0 0
218 2 0 0 0 0 0 0 0 0
226 3 0 0 0 0 0 0 0 0
233 16 0 0 0 0 0 0 0 0
293 8 0 0 0 0 0 0 0 0
298 24 0 0 20 0 0 0 0 0
fl=/build/glibc-ryFjv0/glibc-2.21/string/../sysdeps/x86_64/multiarch/../memcpy.S
fn=memcpy
61 13 1 1 0 0 0 0 0 0
63 13 0 0 0 0 0 0 0 0
65 13 0 0 0 0 0 0 0 0
68 11 0 0 0 0 0 0 0 0
69 11 0 0 0 0 0 0 0 0
71 2 1 1 2 0 0 0 0 0
72 2 0 0 0 0 0 2 1 1
74 2 0 0 0 0 0 0 0 0
75 2 0 0 0 0 0 0 0 0
80 11 0 0 0 0 0 0 0 0
81 11 0 0 0 0 0 0 0 0
83 4 0 0 4 0 0 0 0 0
84 4 0 0 0 0 0 4 2 2
86 4 0 0 0 0 0 0 0 0
87 8 0 0 0 0 0 0 0 0
92 11 0 0 0 0 0 0 0 0
93 11 0 0 0 0 0 0 0 0
95 3 0 0 3 0 0 0 0 0
96 3 0 0 0 0 0 3 0 0
98 3 0 0 0 0 0 0 0 0
99 3 0 0 0 0 0 0 0 0
104 11 0 0 0 0 0 0 0 0
105 11 0 0 0 0 0 0 0 0
107 5 0 0 5 0 0 0 0 0
108 5 0 0 0 0 0 5 2 2
110 5 0 0 0 0 0 0 0 0
111 5 0 0 0 0 0 0 0 0
116 11 1 1 0 0 0 0 0 0
117 17 0 0 0 0 0 0 0 0
122 6 0 0 6 0 0 0 0 0
123 6 0 0 6 0 0 0 0 0
124 6 0 0 0 0 0 6 0 0
125 6 0 0 0 0 0 6 0 0
127 6 0 0 0 0 0 0 0 0
129 6 0 0 0 0 0 0 0 0
130 6 0 0 0 0 0 0 0 0
132 6 0 0 0 0 0 0 0 0
140 11 0 0 11 0 0 0 0 0
148 6 0 0 0 0 0 6 0 0
154 6 0 0 0 0 0 0 0 0
156 6 0 0 0 0 0 0 0 0
157 6 0 0 0 0 0 0 0 0
160 2 1 1 0 0 0 0 0 0
161 6 0 0 0 0 0 0 0 0
166 7 0 0 7 0 0 0 0 0
167 7 0 0 0 0 0 7 0 0
169 7 0 0 0 0 0 0 0 0
171 7 0 0 0 0 0 0 0 0
172 7 0 0 0 0 0 0 0 0
174 11 0 0 0 0 0 0 0 0
183 6 0 0 0 0 0 0 0 0
184 6 0 0 0 0 0 0 0 0
187 6 0 0 0 0 0 0 0 0
188 6 0 0 0 0 0 0 0 0
189 6 0 0 0 0 0 0 0 0
194 5 1 1 0 0 0 0 0 0
196 5 0 0 5 0 0 0 0 0
197 5 0 0 5 0 0 0 0 0
198 5 0 0 5 0 0 0 0 0
199 5 0 0 5 0 0 0 0 0
201 5 0 0 0 0 0 5 2 2
202 5 0 0 0 0 0 5 0 0
203 5 0 0 0 0 0 5 0 0
204 5 0 0 0 0 0 5 1 1
206 5 0 0 0 0 0 0 0 0
207 5 0 0 0 0 0 0 0 0
209 5 0 0 0 0 0 0 0 0
231 6 1 1 0 0 0 0 0 0
237 6 0 0 6 0 0 0 0 0
238 6 0 0 0 0 0 0 0 0
240 2 0 0 2 0 0 0 0 0
fl=/build/glibc-ryFjv0/glibc-2.21/string/../sysdeps/x86_64/multiarch/../memset.S
fn=__GI_memset
53 1 1 1 0 0 0 0 0 0
54 1 0 0 0 0 0 0 0 0
55 1 0 0 0 0 0 0 0 0
56 1 0 0 0 0 0 0 0 0
57 1 0 0 0 0 0 0 0 0
59 1 0 0 0 0 0 0 0 0
60 1 0 0 0 0 0 0 0 0
61 1 1 1 0 0 0 0 0 0
62 1 0 0 0 0 0 0 0 0
63 1 0 0 0 0 0 0 0 0
64 1 0 0 0 0 0 1 0 0
65 1 0 0 0 0 0 1 0 0
66 1 0 0 0 0 0 0 0 0
68 1 0 0 1 0 0 0 0 0
fl=/build/glibc-ryFjv0/glibc-2.21/string/../sysdeps/x86_64/multiarch/../rtld-memset.S
fn=memset
30 13 2 1 0 0 0 0 0 0
31 13 0 0 0 0 0 0 0 0
32 13 0 0 0 0 0 0 0 0
33 2209 0 0 0 0 0 2196 34 34
34 13 0 0 0 0 0 0 0 0
35 13 0 0 13 0 0 0 0 0
fl=/build/glibc-ryFjv0/glibc-2.21/string/../sysdeps/x86_64/multiarch/../strchr.S
fn=index
24 5 1 1 0 0 0 0 0 0
25 5 0 0 0 0 0 0 0 0
26 5 0 0 0 0 0 0 0 0
27 5 0 0 0 0 0 0 0 0
28 5 1 1 0 0 0 0 0 0
29 5 0 0 0 0 0 0 0 0
30 5 0 0 0 0 0 0 0 0
31 5 0 0 0 0 0 0 0 0
32 5 0 0 5 2 2 0 0 0
33 5 0 0 0 0 0 0 0 0
34 5 0 0 0 0 0 0 0 0
35 5 0 0 0 0 0 0 0 0
36 5 0 0 0 0 0 0 0 0
37 5 0 0 0 0 0 0 0 0
38 5 0 0 0 0 0 0 0 0
39 5 0 0 0 0 0 0 0 0
40 5 0 0 0 0 0 0 0 0
41 3 0 0 0 0 0 0 0 0
45 3 0 0 0 0 0 0 0 0
46 3 0 0 0 0 0 0 0 0
47 3 1 1 3 0 0 0 0 0
48 3 0 0 0 0 0 0 0 0
50 3 0 0 3 0 0 0 0 0
54 2 0 0 2 0 0 0 0 0
55 2 0 0 0 0 0 0 0 0
56 2 0 0 0 0 0 0 0 0
57 2 0 0 0 0 0 0 0 0
58 2 0 0 0 0 0 0 0 0
59 2 0 0 0 0 0 0 0 0
60 2 0 0 2 0 0 0 0 0
61 2 0 0 0 0 0 0 0 0
62 2 0 0 0 0 0 0 0 0
63 2 0 0 0 0 0 0 0 0
64 2 0 0 0 0 0 0 0 0
65 2 0 0 0 0 0 0 0 0
66 2 0 0 0 0 0 0 0 0
67 2 1 1 2 0 0 0 0 0
68 2 0 0 0 0 0 0 0 0
69 2 0 0 0 0 0 0 0 0
70 2 0 0 0 0 0 0 0 0
71 2 0 0 0 0 0 0 0 0
72 2 0 0 0 0 0 0 0 0
73 2 0 0 0 0 0 0 0 0
74 2 0 0 0 0 0 0 0 0
75 2 0 0 0 0 0 0 0 0
76 2 0 0 0 0 0 0 0 0
77 2 0 0 0 0 0 0 0 0
129 2 1 1 0 0 0 0 0 0
133 2 0 0 0 0 0 0 0 0
134 2 0 0 0 0 0 0 0 0
135 2 0 0 2 0 0 0 0 0
136 2 0 0 0 0 0 0 0 0
138 2 0 0 2 0 0 0 0 0
fl=/build/glibc-ryFjv0/glibc-2.21/string/../sysdeps/x86_64/multiarch/../strcmp.S
fn=strcmp
131 1727 1 1 1727 47 20 0 0 0
132 1727 0 0 1727 16 5 0 0 0
133 1727 0 0 0 0 0 0 0 0
134 1601 0 0 0 0 0 0 0 0
135 1601 0 0 0 0 0 0 0 0
136 1601 0 0 0 0 0 0 0 0
137 1601 0 0 0 0 0 0 0 0
139 135 0 0 0 0 0 0 0 0
140 135 0 0 135 0 0 0 0 0
142 126 0 0 0 0 0 0 0 0
143 126 0 0 0 0 0 0 0 0
144 126 0 0 0 0 0 0 0 0
145 126 0 0 126 0 0 0 0 0
fl=/build/glibc-ryFjv0/glibc-2.21/string/../sysdeps/x86_64/multiarch/memcpy-sse2-unaligned.S
fn=__memcpy_sse2_unaligned
25 200 1 1 0 0 0 0 0 0
26 200 0 0 0 0 0 0 0 0
27 200 0 0 0 0 0 0 0 0
28 200 0 0 0 0 0 0 0 0
29 200 0 0 0 0 0 0 0 0
30 200 1 1 0 0 0 0 0 0
31 200 0 0 0 0 0 0 0 0
32 200 0 0 0 0 0 0 0 0
40 200 0 0 0 0 0 0 0 0
41 200 0 0 200 0 0 0 0 0
132 200 1 1 0 0 0 0 0 0
133 200 0 0 0 0 0 0 0 0
134 200 0 0 0 0 0 0 0 0
136 200 0 0 0 0 0 0 0 0
137 200 0 0 0 0 0 0 0 0
139 200 0 0 0 0 0 0 0 0
140 200 0 0 200 0 0 0 0 0
141 200 0 0 0 0 0 0 0 0
142 200 0 0 0 0 0 200 0 0
143 200 0 0 0 0 0 0 0 0
fl=/build/glibc-ryFjv0/glibc-2.21/string/../sysdeps/x86_64/multiarch/memcpy.S
fn=memcpy@@GLIBC_2.14
32 1 1 1 1 1 0 0 0 0
33 1 0 0 0 0 0 0 0 0
35 1 0 0 0 0 0 0 0 0
36 1 0 0 1 1 0 0 0 0
37 1 1 1 0 0 0 0 0 0
39 1 0 0 0 0 0 0 0 0
40 1 0 0 1 0 0 0 0 0
41 1 0 0 0 0 0 0 0 0
42 1 0 0 0 0 0 0 0 0
43 1 0 0 1 0 0 0 0 0
fl=/build/glibc-ryFjv0/glibc-2.21/string/../sysdeps/x86_64/multiarch/memmove.c
fn=memcpy@GLIBC_2.2.5
51 1 1 1 0 0 0 0 0 0
fl=/build/glibc-ryFjv0/glibc-2.21/string/../sysdeps/x86_64/multiarch/strcmp.S
fn=strcasecmp
114 1 1 1 1 1 1 0 0 0
115 1 0 0 0 0 0 0 0 0
116 1 0 0 0 0 0 1 0 0
119 1 0 0 0 0 0 0 0 0
120 1 0 0 1 0 0 0 0 0
121 1 0 0 0 0 0 0 0 0
132 1 1 1 1 0 0 0 0 0
fn=strncasecmp
140 1 1 1 1 0 0 0 0 0
141 1 0 0 0 0 0 0 0 0
145 1 0 0 0 0 0 0 0 0
146 1 0 0 1 0 0 0 0 0
147 1 0 0 0 0 0 0 0 0
158 1 1 1 1 0 0 0 0 0
fl=/build/glibc-ryFjv0/glibc-2.21/string/../sysdeps/x86_64/rtld-strlen.S
fn=strlen
26 11 1 1 0 0 0 0 0 0
27 11 0 0 0 0 0 0 0 0
28 11 0 0 0 0 0 0 0 0
29 11 0 0 0 0 0 0 0 0
31 6 0 0 0 0 0 0 0 0
32 6 0 0 0 0 0 0 0 0
34 23 0 0 23 0 0 0 0 0
35 23 0 0 0 0 0 0 0 0
36 22 0 0 0 0 0 0 0 0
37 22 0 0 0 0 0 0 0 0
38 22 0 0 0 0 0 0 0 0
40 20 0 0 0 0 0 0 0 0
45 14 1 1 14 0 0 0 0 0
46 14 0 0 0 0 0 0 0 0
47 14 0 0 0 0 0 0 0 0
48 14 0 0 0 0 0 0 0 0
51 14 0 0 0 0 0 0 0 0
52 13 0 0 0 0 0 0 0 0
53 13 0 0 0 0 0 0 0 0
54 13 0 0 0 0 0 0 0 0
56 13 0 0 0 0 0 0 0 0
59 11 0 0 11 0 0 0 0 0
60 11 0 0 0 0 0 0 0 0
61 11 0 0 0 0 0 0 0 0
62 11 0 0 0 0 0 0 0 0
65 11 0 0 0 0 0 0 0 0
66 11 0 0 0 0 0 0 0 0
67 11 0 0 0 0 0 0 0 0
68 11 0 0 0 0 0 0 0 0
70 11 0 0 0 0 0 0 0 0
73 11 0 0 11 0 0 0 0 0
74 11 0 0 0 0 0 0 0 0
75 11 0 0 0 0 0 0 0 0
76 11 0 0 0 0 0 0 0 0
79 11 0 0 0 0 0 0 0 0
80 8 0 0 0 0 0 0 0 0
81 8 0 0 0 0 0 0 0 0
82 8 0 0 0 0 0 0 0 0
84 8 0 0 0 0 0 0 0 0
87 7 0 0 7 0 0 0 0 0
88 7 0 0 0 0 0 0 0 0
89 7 0 0 0 0 0 0 0 0
90 7 0 0 0 0 0 0 0 0
93 7 0 0 0 0 0 0 0 0
94 5 0 0 0 0 0 0 0 0
95 5 0 0 0 0 0 0 0 0
96 5 0 0 0 0 0 0 0 0
98 6 0 0 0 0 0 0 0 0
101 10 1 1 0 0 0 0 0 0
103 10 0 0 0 0 0 0 0 0
104 10 0 0 0 0 0 0 0 0
105 10 0 0 0 0 0 0 0 0
107 10 0 0 0 0 0 0 0 0
108 10 0 0 0 0 0 0 0 0
109 10 1 1 0 0 0 0 0 0
111 10 0 0 0 0 0 0 0 0
112 10 0 0 0 0 0 0 0 0
113 7 0 0 0 0 0 0 0 0
115 7 0 0 0 0 0 0 0 0
116 7 0 0 0 0 0 0 0 0
117 6 0 0 0 0 0 0 0 0
119 6 0 0 0 0 0 0 0 0
121 6 0 0 0 0 0 0 0 0
122 6 0 0 0 0 0 0 0 0
123 6 0 0 0 0 0 0 0 0
125 6 0 0 0 0 0 0 0 0
126 6 0 0 0 0 0 0 0 0
127 2 0 0 0 0 0 0 0 0
129 2 0 0 0 0 0 0 0 0
130 2 0 0 0 0 0 0 0 0
131 2 0 0 0 0 0 0 0 0
133 11 0 0 0 0 0 0 0 0
134 11 0 0 11 0 0 0 0 0
fl=/build/glibc-ryFjv0/glibc-2.21/string/../sysdeps/x86_64/strchr.S
fn=strchrnul
24 459 1 1 0 0 0 0 0 0
25 459 0 0 0 0 0 0 0 0
26 459 0 0 0 0 0 0 0 0
27 459 0 0 0 0 0 0 0 0
28 459 1 1 0 0 0 0 0 0
29 459 0 0 0 0 0 0 0 0
30 459 0 0 0 0 0 0 0 0
31 459 0 0 0 0 0 0 0 0
32 459 0 0 459 4 3 0 0 0
33 459 0 0 0 0 0 0 0 0
34 459 0 0 0 0 0 0 0 0
35 459 0 0 0 0 0 0 0 0
36 459 0 0 0 0 0 0 0 0
37 459 0 0 0 0 0 0 0 0
38 459 0 0 0 0 0 0 0 0
39 459 0 0 0 0 0 0 0 0
40 459 0 0 0 0 0 0 0 0
41 458 0 0 0 0 0 0 0 0
43 458 0 0 0 0 0 0 0 0
50 458 0 0 458 0 0 0 0 0
54 1 1 1 1 0 0 0 0 0
55 1 0 0 0 0 0 0 0 0
56 1 0 0 0 0 0 0 0 0
57 1 0 0 0 0 0 0 0 0
58 1 0 0 0 0 0 0 0 0
59 1 0 0 0 0 0 0 0 0
60 1 0 0 1 0 0 0 0 0
61 1 0 0 0 0 0 0 0 0
62 1 0 0 0 0 0 0 0 0
63 1 0 0 0 0 0 0 0 0
64 1 0 0 0 0 0 0 0 0
65 1 0 0 0 0 0 0 0 0
66 1 0 0 0 0 0 0 0 0
67 1 0 0 1 0 0 0 0 0
68 1 0 0 0 0 0 0 0 0
69 1 1 1 0 0 0 0 0 0
70 1 0 0 0 0 0 0 0 0
71 1 0 0 0 0 0 0 0 0
72 1 0 0 0 0 0 0 0 0
73 1 0 0 0 0 0 0 0 0
74 1 0 0 0 0 0 0 0 0
75 1 0 0 0 0 0 0 0 0
76 1 0 0 0 0 0 0 0 0
77 1 0 0 0 0 0 0 0 0
129 1 1 1 0 0 0 0 0 0
131 1 0 0 0 0 0 0 0 0
138 1 0 0 1 0 0 0 0 0
fl=/build/glibc-ryFjv0/glibc-2.21/string/../sysdeps/x86_64/strlen.S
fn=strlen
66 601 1 1 0 0 0 0 0 0
67 601 0 0 0 0 0 0 0 0
68 601 0 0 0 0 0 0 0 0
69 601 1 1 0 0 0 0 0 0
70 601 0 0 0 0 0 0 0 0
71 601 0 0 0 0 0 0 0 0
72 601 0 0 0 0 0 0 0 0
74 601 0 0 0 0 0 0 0 0
76 601 0 0 0 0 0 0 0 0
106 599 0 0 599 1 0 0 0 0
107 599 0 0 0 0 0 0 0 0
108 599 0 0 0 0 0 0 0 0
109 599 0 0 0 0 0 0 0 0
110 599 0 0 0 0 0 0 0 0
111 598 0 0 0 0 0 0 0 0
112 598 0 0 598 0 0 0 0 0
116 1 0 0 0 0 0 0 0 0
117 1 0 0 1 0 0 0 0 0
118 1 1 1 1 1 0 0 0 0
119 1 0 0 1 0 0 0 0 0
120 1 0 0 0 0 0 0 0 0
121 1 0 0 0 0 0 0 0 0
122 1 0 0 0 0 0 0 0 0
123 1 0 0 0 0 0 0 0 0
124 1 0 0 0 0 0 0 0 0
125 1 0 0 0 0 0 0 0 0
126 1 0 0 0 0 0 0 0 0
127 1 0 0 0 0 0 0 0 0
132 8 0 0 1 0 0 0 0 0
136 2 1 1 0 0 0 0 0 0
137 28 1 1 8 0 0 0 0 0
138 16 0 0 2 0 0 0 0 0
fl=/build/glibc-ryFjv0/glibc-2.21/string/../sysdeps/x86_64/strrchr.S
fn=rindex
24 1 1 1 0 0 0 0 0 0
25 1 0 0 0 0 0 0 0 0
26 1 0 0 0 0 0 0 0 0
27 1 0 0 0 0 0 0 0 0
28 1 1 1 0 0 0 0 0 0
29 1 0 0 0 0 0 0 0 0
30 1 0 0 0 0 0 0 0 0
31 1 0 0 0 0 0 0 0 0
32 1 0 0 1 1 0 0 0 0
33 1 0 0 0 0 0 0 0 0
34 1 0 0 0 0 0 0 0 0
35 1 0 0 0 0 0 0 0 0
36 1 0 0 0 0 0 0 0 0
37 1 0 0 0 0 0 0 0 0
38 1 0 0 0 0 0 0 0 0
39 1 0 0 0 0 0 0 0 0
40 1 0 0 0 0 0 0 0 0
51 1 1 1 1 0 0 0 0 0
52 1 0 0 0 0 0 0 0 0
53 1 0 0 1 1 0 0 0 0
54 1 0 0 0 0 0 0 0 0
55 1 0 0 0 0 0 0 0 0
56 1 0 0 1 0 0 0 0 0
57 1 0 0 0 0 0 0 0 0
58 1 0 0 0 0 0 0 0 0
59 1 0 0 0 0 0 0 0 0
60 1 0 0 0 0 0 0 0 0
61 1 0 0 0 0 0 0 0 0
62 1 1 1 0 0 0 0 0 0
63 1 0 0 0 0 0 0 0 0
64 1 0 0 0 0 0 0 0 0
65 1 0 0 0 0 0 0 0 0
66 1 0 0 0 0 0 0 0 0
67 1 0 0 0 0 0 0 0 0
68 1 0 0 0 0 0 0 0 0
69 1 0 0 0 0 0 0 0 0
70 1 0 0 0 0 0 0 0 0
71 1 0 0 0 0 0 0 0 0
72 1 0 0 0 0 0 0 0 0
73 1 0 0 0 0 0 0 0 0
74 1 0 0 0 0 0 0 0 0
75 1 0 0 0 0 0 0 0 0
76 1 0 0 0 0 0 0 0 0
77 1 0 0 0 0 0 0 0 0
78 1 0 0 0 0 0 0 0 0
79 1 1 1 0 0 0 0 0 0
80 1 0 0 0 0 0 0 0 0
81 1 0 0 0 0 0 0 0 0
82 1 0 0 0 0 0 0 0 0
83 1 0 0 0 0 0 0 0 0
84 1 0 0 0 0 0 0 0 0
85 1 0 0 0 0 0 0 0 0
86 1 0 0 0 0 0 0 0 0
87 1 0 0 1 0 0 0 0 0
fl=/build/glibc-ryFjv0/glibc-2.21/string/strdup.c
fn=strdup
40 8 1 1 0 0 0 4 0 0
41 4 0 0 0 0 0 2 0 0
42 4 0 0 0 0 0 2 0 0
44 4 0 0 0 0 0 0 0 0
47 8 0 0 0 0 0 0 0 0
48 6 0 0 4 0 0 0 0 0
fl=/build/glibc-ryFjv0/glibc-2.21/time/../sysdeps/generic/dl-hash.h
fn=gettimeofday
45 12 1 1 4 0 0 0 0 0
48 12 0 0 0 0 0 0 0 0
49 8 0 0 0 0 0 0 0 0
62 8 0 0 0 0 0 0 0 0
67 1 0 0 0 0 0 0 0 0
fn=time
45 24 0 0 8 2 1 0 0 0
48 24 0 0 0 0 0 0 0 0
49 16 1 1 0 0 0 0 0 0
62 16 0 0 0 0 0 0 0 0
67 2 0 0 0 0 0 0 0 0
fl=/build/glibc-ryFjv0/glibc-2.21/time/../sysdeps/unix/sysv/linux/x86/gettimeofday.c
fn=gettimeofday
29 1 0 0 0 0 0 0 0 0
30 10 1 1 0 0 0 4 0 0
33 3 0 0 0 0 0 1 0 0
34 3 0 0 0 0 0 0 0 0
35 2 0 0 1 0 0 0 0 0
fl=/build/glibc-ryFjv0/glibc-2.21/time/../sysdeps/unix/sysv/linux/x86/time.c
fn=time
29 2 0 0 0 0 0 0 0 0
30 20 1 1 0 0 0 8 0 0
32 12 1 1 0 0 0 2 0 0
33 4 0 0 2 0 0 0 0 0
fl=/home/peter/workspace/LCTHW/ex40/c-skeleton/src/lcthw/bstree.c
fn=BSTree_create
20 4 1 1 0 0 0 2 0 0
21 6 0 0 0 0 0 2 0 0
22 4 0 0 0 0 0 0 0 0
24 8 0 0 0 0 0 2 0 0
30 4 0 0 4 0 0 0 0 0
fn=BSTree_delete
152 370 0 0 104 0 0 0 0 0
161 309 2 2 103 0 0 0 0 0
162 210 0 0 98 0 0 0 0 0
163 165 0 0 8 0 0 64 0 0
165 69 0 0 6 0 0 34 0 0
169 14 2 2 2 0 0 5 0 0
172 92 0 0 0 0 0 0 0 0
173 177 0 0 41 0 0 54 0 0
180 184 0 0 92 0 0 92 0 0
181 184 0 0 92 0 0 92 0 0
186 3099 0 0 2066 0 0 1033 0 0
188 2066 0 0 0 0 0 0 0 0
189 1225 0 0 400 0 0 0 0 0
195 633 0 0 0 0 0 0 0 0
196 1590 0 0 530 0 0 0 0 0
203 543 1 1 173 0 0 0 0 0
210 46 0 0 46 0 0 0 0 0
216 99 0 0 33 0 0 0 0 0
226 1025 1 1 0 0 0 615 0 0
227 102 0 0 0 0 0 0 0 0
229 818 1 1 205 0 0 0 0 0
234 103 0 0 0 0 0 103 0 0
239 1025 0 0 820 0 0 0 0 0
fn=BSTree_destroy
39 2 0 0 0 0 0 2 0 0
40 4 0 0 0 0 0 0 0 0
41 6 0 0 0 0 0 2 0 0
42 4 0 0 0 0 0 0 0 0
44 2 0 0 2 0 0 0 0 0
fn=BSTree_get
96 48975 0 0 32650 0 0 16325 0 0
98 32650 0 0 0 0 0 0 0 0
99 19563 0 0 6521 0 0 0 0 0
104 9804 0 0 0 0 0 0 0 0
105 22053 0 0 7351 0 0 0 0 0
116 12280 1 1 0 0 0 7368 0 0
117 9823 0 0 2456 0 0 0 0 0
119 2453 1 1 2453 0 0 0 0 0
121 3 0 0 0 0 0 0 0 0
123 9824 0 0 9824 0 0 0 0 0
fn=BSTree_set
48 309 1 1 0 0 0 103 0 0
49 206 0 0 0 0 0 0 0 0
51 103 0 0 0 0 0 103 0 0
52 103 0 0 0 0 0 103 0 0
53 103 0 0 0 0 0 103 0 0
62 1917 1 1 1278 0 0 639 0 0
64 1278 0 0 0 0 0 0 0 0
65 846 0 0 282 0 0 0 0 0
68 54 1 1 0 0 0 54 0 0
71 1071 0 0 357 0 0 0 0 0
74 47 0 0 0 0 0 47 0 0
80 1362 1 1 0 0 0 412 0 0
81 311 0 0 103 0 0 0 0 0
83 2 0 0 0 0 0 2 0 0
88 103 0 0 0 0 0 0 0 0
92 618 0 0 515 0 0 0 0 0
fn=BSTree_traverse
129 20 1 1 6 0 0 0 0 0
131 8 0 0 0 0 0 0 0 0
133 15 2 2 5 0 0 0 0 0
138 11 3 3 0 0 0 4 0 0
142 28 0 0 0 0 0 24 0 0
143 12 0 0 4 0 0 0 0 0
147 2 0 0 0 0 0 0 0 0
148 31 1 1 27 0 0 0 0 0
fn=default_compare
16 17997 1 1 0 0 0 0 0 0
fl=/home/peter/workspace/LCTHW/ex40/c-skeleton/src/lcthw/bstrlib.c
fn=bdestroy
1086 400 0 0 0 0 0 200 0 0
1087 2600 2 2 400 0 0 0 0 0
1088 200 0 0 200 0 0 0 0 0
1091 200 0 0 0 0 0 200 0 0
1100 400 0 0 0 0 0 200 0 0
1101 200 0 0 0 0 0 0 0 0
1102 400 0 0 400 0 0 0 0 0
fn=bformat
3059 3400 3 3 200 0 0 2200 0 0
3064 400 0 0 0 0 0 0 0 0
3070 1600 0 0 0 0 0 200 0 0
3071 1400 1 1 0 0 0 200 0 0
3077 1200 0 0 0 0 0 800 0 0
3078 400 0 0 0 0 0 0 0 0
3081 600 1 1 200 0 0 200 0 0
3082 600 0 0 200 0 0 400 0 0
3084 600 0 0 0 0 0 0 0 0
3095 2200 1 1 1600 0 0 0 0 0
fn=bfromcstralloc
272 200 1 1 0 0 0 0 0 0
273 400 0 0 0 0 0 0 0 0
fn=bfromcstrrangealloc
234 1800 0 0 0 0 0 1200 0 0
240 400 1 1 0 0 0 0 0 0
241 1200 0 0 0 0 0 0 0 0
244 800 1 1 0 0 0 200 0 0
245 800 0 0 0 0 0 0 0 0
249 600 0 0 0 0 0 200 0 0
250 400 0 0 0 0 0 0 0 0
251 200 0 0 0 0 0 200 0 0
253 1400 1 1 0 0 0 600 0 0
254 400 0 0 0 0 0 0 0 0
263 200 0 0 0 0 0 0 0 0
264 1600 0 0 1400 0 0 0 0 0
fn=bstrcmp
973 53991 0 0 0 0 0 17997 0 0
976 215964 1 1 35994 1 1 0 0 0
977 89985 1 1 35994 0 0 0 0 0
979 88638 1 1 0 0 0 0 0 0
980 2556 0 0 0 0 0 0 0 0
982 61586 0 0 0 0 0 0 0 0
983 92379 0 0 61586 2 2 0 0 0
984 64956 0 0 0 0 0 0 0 0
985 66650 0 0 0 0 0 0 0 0
991 35994 0 0 35994 0 0 0 0 0
fl=/home/peter/workspace/LCTHW/ex40/c-skeleton/tests/bstree_tests.c
fn=all_tests
52 2 0 0 1 0 0 1 0 0
156 1 1 1 0 0 0 0 0 0
159 6 1 1 3 0 0 1 0 0
160 6 1 1 3 0 0 1 0 0
161 6 0 0 3 0 0 1 0 0
162 6 0 0 3 0 0 1 0 0
163 1 0 0 1 0 0 0 0 0
164 5 0 0 3 0 0 1 0 0
167 2 0 0 1 0 0 0 0 0
fn=main
169 9 2 1 0 0 0 3 0 0
fn=test_create
44 1 1 1 0 0 0 0 0 0
45 5 1 1 0 0 0 2 1 0
46 2 0 0 0 0 0 0 0 0
48 2 1 1 1 1 0 0 0 0
fn=test_delete
91 1 0 0 0 0 0 0 0 0
92 3 1 1 1 0 0 1 0 0
93 2 0 0 0 0 0 0 0 0
94 2 0 0 0 0 0 0 0 0
95 3 1 1 1 0 0 1 0 0
96 2 0 0 0 0 0 0 0 0
98 3 2 2 1 0 0 1 0 0
99 2 0 0 0 0 0 0 0 0
102 3 1 1 1 0 0 1 0 0
103 2 0 0 0 0 0 0 0 0
104 2 0 0 0 0 0 0 0 0
105 3 1 1 1 0 0 1 0 0
106 2 0 0 0 0 0 0 0 0
108 3 1 1 1 0 0 1 0 0
109 2 0 0 0 0 0 0 0 0
110 2 0 0 0 0 0 0 0 0
111 3 2 2 1 0 0 1 0 0
112 2 0 0 0 0 0 0 0 0
115 3 1 1 1 0 0 1 0 0
116 2 0 0 0 0 0 0 0 0
118 2 1 1 0 0 0 0 0 0
119 2 1 1 1 0 0 0 0 0
fn=test_fuzzing
122 10 1 1 1 0 0 7 0 0
123 3 1 1 0 0 0 1 0 0
125 105 0 0 0 0 0 100 8 0
126 104 0 0 0 0 0 100 0 0
127 6 0 0 0 0 0 2 0 0
129 202 1 1 0 0 0 2 0 0
130 200 0 0 0 0 0 100 0 0
131 600 0 0 0 0 0 200 1 0
132 500 1 1 0 0 0 200 1 0
133 500 0 0 0 0 0 100 0 0
136 200 0 0 0 0 0 0 0 0
137 700 0 0 200 0 0 300 0 0
138 200 0 0 100 0 0 0 0 0
140 500 1 1 100 0 0 100 0 0
142 8101 0 0 200 0 0 0 0 0
143 9800 1 1 2450 0 0 2450 0 0
144 4900 0 0 2450 0 0 0 0 0
147 200 1 1 100 0 0 100 0 0
148 400 0 0 300 0 0 100 0 0
151 2 0 0 0 0 0 1 0 0
152 2 0 0 0 0 0 0 0 0
153 11 1 1 9 0 0 0 0 0
fn=test_get_set
57 1 1 1 0 0 0 0 0 0
58 4 0 0 1 0 0 1 0 0
59 2 0 0 0 0 0 0 0 0
60 3 1 1 1 0 0 1 0 0
61 2 0 0 0 0 0 0 0 0
63 4 1 1 1 0 0 1 0 0
64 2 0 0 0 0 0 0 0 0
65 3 1 1 1 0 0 1 0 0
66 2 1 1 0 0 0 0 0 0
68 4 1 1 1 0 0 1 0 0
69 2 0 0 0 0 0 0 0 0
70 3 1 1 1 0 0 1 0 0
71 2 0 0 0 0 0 0 0 0
73 2 1 1 0 0 0 0 0 0
74 2 1 1 1 0 0 0 0 0
fn=test_traverse
77 1 0 0 0 0 0 0 0 0
78 3 1 1 1 0 0 1 0 0
79 2 0 0 0 0 0 0 0 0
80 2 1 1 1 0 0 0 0 0
82 1 0 0 0 0 0 1 0 0
83 3 1 1 1 0 0 1 0 0
84 2 0 0 0 0 0 0 0 0
85 2 1 1 1 0 0 0 0 0
87 2 1 1 0 0 0 0 0 0
88 2 0 0 1 0 0 0 0 0
fn=traverse_fail_cb
33 2 1 1 0 0 0 0 0 0
34 8 0 0 4 0 0 0 0 0
35 10 0 0 2 0 0 2 0 0
41 6 0 0 2 0 0 0 0 0
fn=traverse_good_cb
26 3 1 1 0 0 0 0 0 0
27 12 0 0 6 0 0 0 0 0
28 3 0 0 3 0 0 0 0 0
30 9 0 0 3 0 0 0 0 0
fl=/tmp/pkg-build/coregrind/m_trampoline.S
fn=vgPlain_amd64_linux_REDIR_FOR_vtime
186 1 1 1 0 0 0 0 0 0
187 1 0 0 0 0 0 0 0 0
188 1 0 0 1 0 0 0 0 0
fl=/usr/include/x86_64-linux-gnu/bits/stdio2.h
fn=all_tests
97 54 3 3 6 0 0 13 0 0
fn=bformat
77 1400 1 1 200 0 0 200 0 0
fn=main
104 13 1 1 2 0 0 3 0 0
fn=traverse_fail_cb
97 20 0 0 2 0 0 4 0 0
fn=traverse_good_cb
97 30 1 1 3 0 0 6 0 0
fl=/usr/include/x86_64-linux-gnu/bits/string3.h
fn=bfromcstrrangealloc
53 800 0 0 0 0 0 200 0 0
fl=???
fn=???
0 2351 26 19 2237 9 0 48 1 1
fn=__libc_csu_init
0 34 3 3 8 1 0 8 0 0
fn=_dl_debug_initialize
0 4 0 0 3 0 0 0 0 0
fn=_start
0 11 2 2 1 0 0 3 0 0
fn=memcpy@GLIBC_2.2.5
0 16 1 1 4 0 0 0 0 0
summary: 1567793 1083 1063 369323 2627 1990 130374 896 796
